   1:   0.0107  0.8851  0.1042  1
   2:   0.0101  0.8749  0.1150  1
   3:   0.0141  0.8567  0.1292  1
   4:   0.1484  0.7210  0.1306  1
   5:   0.2168  0.6799  0.1033  1
   6:   0.0269  0.8580  0.1151  1
   7:   0.1454  0.6370  0.2176  1
   8:   0.0124  0.8777  0.1099  1
   9:   0.0080  0.7407  0.2513  1
  10:   0.0306  0.8537  0.1157  1
  11:   0.0246  0.7671  0.2083  1
  12:   0.0062  0.7310  0.2628  1
  13:   0.0304  0.8492  0.1204  1
  14:   0.0141  0.7878  0.1981  1
  15:   0.2054  0.7235  0.0711  1
  16:   0.0068  0.8871  0.1061  1
  17:   0.0210  0.6696  0.3094  1
  18:   0.0784  0.8086  0.1130  1
  19:   0.0192  0.7997  0.1811  1
  20:   0.0217  0.8854  0.0929  1
  21:   0.0124  0.8513  0.1363  1
  22:   0.0144  0.8855  0.1001  1
  23:   0.0370  0.7200  0.2430  1
  24:   0.0111  0.8819  0.1070  1
  25:   0.0058  0.8895  0.1047  1
  26:   0.0315  0.9591  0.0094  1
  27:   0.0395  0.5549  0.4056  1
  28:   0.4740  0.5208  0.0052  1
  29:   0.0096  0.8438  0.1466  1
  30:   0.0075  0.8914  0.1011  1
  31:   0.0452  0.8959  0.0589  1
  32:   0.0133  0.7181  0.2686  1
  33:   0.0136  0.7707  0.2157  1
  34:   0.2199  0.5794  0.2007  1
  35:   0.0233  0.7951  0.1816  1
  36:   0.0105  0.8825  0.1070  1
  37:   0.1909  0.7098  0.0993  1
  38:   0.0148  0.8594  0.1258  1
  39:   0.0096  0.9638  0.0266  1
  40:   0.0086  0.9791  0.0123  1
  41:   0.4598  0.4350  0.1051  1
  42:   0.0394  0.8415  0.1191  1
  43:   0.0120  0.8883  0.0997  1
  44:   0.0708  0.7735  0.1557  1
  45:   0.0602  0.7012  0.2386  1
  46:   0.0211  0.8629  0.1160  1
  47:   0.0139  0.8605  0.1256  1
  48:   0.0177  0.8783  0.1040  1
  49:   0.0104  0.8049  0.1847  1
  50:   0.0719  0.8797  0.0484  1
  51:   0.0175  0.9439  0.0386  1
  52:   0.0120  0.8916  0.0964  1
  53:   0.0254  0.8716  0.1030  1
  54:   0.0540  0.8119  0.1341  1
  55:   0.0907  0.5604  0.3489  1
  56:   0.1592  0.7279  0.1129  1
  57:   0.4679  0.1182  0.4139  1
  58:   0.0148  0.8818  0.1034  1
  59:   0.0232  0.7183  0.2585  1
  60:   0.0277  0.8498  0.1225  1
  61:   0.0455  0.8440  0.1105  1
  62:   0.0092  0.8696  0.1212  1
  63:   0.0953  0.8004  0.1043  1
  64:   0.0137  0.8896  0.0967  1
  65:   0.0259  0.8187  0.1554  1
  66:   0.0708  0.9065  0.0227  1
  67:   0.0145  0.8646  0.1209  1
  68:   0.0372  0.7932  0.1696  1
  69:   0.0308  0.8759  0.0933  1
  70:   0.0067  0.8409  0.1524  1
  71:   0.0208  0.7947  0.1845  1
  72:   0.0092  0.8851  0.1057  1
  73:   0.0095  0.8630  0.1275  1
  74:   0.0662  0.8276  0.1062  1
  75:   0.0739  0.7993  0.1268  1
  76:   0.0107  0.8840  0.1053  1
  77:   0.0134  0.7736  0.2130  1
  78:   0.1220  0.6585  0.2194  1
  79:   0.1362  0.7302  0.1336  1
  80:   0.0305  0.8548  0.1147  1
  81:   0.1644  0.7388  0.0968  1
  82:   0.0254  0.8505  0.1241  1
  83:   0.0138  0.8562  0.1300  1
  84:   0.0189  0.8811  0.1000  1
  85:   0.0129  0.7833  0.2038  1
  86:   0.0244  0.9249  0.0507  1
  87:   0.0597  0.7971  0.1432  1
  88:   0.0240  0.8355  0.1405  1
  89:   0.0934  0.7763  0.1303  1
  90:   0.0087  0.8818  0.1095  1
  91:   0.0118  0.9523  0.0359  1
  92:   0.0561  0.9114  0.0325  1
  93:   0.0058  0.7918  0.2024  1
  94:   0.0360  0.7281  0.2359  1
  95:   0.0442  0.8657  0.0901  1
  96:   0.0261  0.9541  0.0198  1
  97:   0.0382  0.6205  0.3413  1
  98:   0.0380  0.8482  0.1138  1
  99:   0.0553  0.7187  0.2260  1
 100:   0.1511  0.6065  0.2425  1
 101:   0.0236  0.7673  0.2091  1
 102:   0.0158  0.8521  0.1321  1
 103:   0.0156  0.9008  0.0836  1
 104:   0.2440  0.6425  0.1135  1
 105:   0.1391  0.7188  0.1421  1
 106:   0.2768  0.5146  0.2086  1
 107:   0.0113  0.8859  0.1028  1
 108:   0.0631  0.8958  0.0412  1
 109:   0.0057  0.8651  0.1292  1
 110:   0.0649  0.7169  0.2182  1
 111:   0.1942  0.6976  0.1082  1
 112:   0.0155  0.8780  0.1065  1
 113:   0.7829  0.1516  0.0655  1
 114:   0.0152  0.8494  0.1354  1
 115:   0.0613  0.8196  0.1191  1
 116:   0.0070  0.8044  0.1886  1
 117:   0.0208  0.8818  0.0974  1
 118:   0.0049  0.8616  0.1335  1
 119:   0.0495  0.8261  0.1244  1
 120:   0.0118  0.8921  0.0961  1
 121:   0.4377  0.5007  0.0616  1
 122:   0.0477  0.8424  0.1099  1
 123:   0.0151  0.9492  0.0357  1
 124:   0.4360  0.4534  0.1106  1
 125:   0.0066  0.8907  0.1027  1
 126:   0.0595  0.5795  0.3610  1
 127:   0.0182  0.7101  0.2717  1
 128:   0.0173  0.9576  0.0251  1
 129:   0.0508  0.8501  0.0991  1
 130:   0.0509  0.8462  0.1029  1
 131:   0.0096  0.8489  0.1415  1
 132:   0.0171  0.8589  0.1240  1
 133:   0.0166  0.7347  0.2487  1
 134:   0.0176  0.8221  0.1603  1
 135:   0.0168  0.8347  0.1485  1
 136:   0.0093  0.8791  0.1116  1
 137:   0.0941  0.7987  0.1072  1
 138:   0.0095  0.8535  0.1370  1
 139:   0.0210  0.8294  0.1496  1
 140:   0.0509  0.8071  0.1420  1
 141:   0.3183  0.2978  0.3840  1
 142:   0.0303  0.8091  0.1606  1
 143:   0.0086  0.7991  0.1923  1
 144:   0.4917  0.4979  0.0104  1
 145:   0.0331  0.8665  0.1004  1
 146:   0.0446  0.7493  0.2061  1
 147:   0.0101  0.8820  0.1079  1
 148:   0.0332  0.9484  0.0184  1
 149:   0.0853  0.7923  0.1224  1
 150:   0.0249  0.9639  0.0112  1
 151:   0.0106  0.8549  0.1345  1
 152:   0.0071  0.8837  0.1092  1
 153:   0.1568  0.6895  0.1537  1
 154:   0.0070  0.8161  0.1769  1
 155:   0.0134  0.8549  0.1317  1
 156:   0.0178  0.8656  0.1166  1
 157:   0.3883  0.4852  0.1265  1
 158:   0.1230  0.8211  0.0559  1
 159:   0.1448  0.7107  0.1445  1
 160:   0.0283  0.8401  0.1316  1
 161:   0.0193  0.5266  0.4541  1
 162:   0.1500  0.7485  0.1015  1
 163:   0.0246  0.5960  0.3794  1
 164:   0.0332  0.8434  0.1234  1
 165:   0.0399  0.8506  0.1095  1
 166:   0.0189  0.8385  0.1426  1
 167:   0.0158  0.8595  0.1247  1
 168:   0.0141  0.8671  0.1188  1
 169:   0.0149  0.8774  0.1077  1
 170:   0.0326  0.9375  0.0299  1
 171:   0.0405  0.8542  0.1053  1
 172:   0.0196  0.8930  0.0874  1
 173:   0.0219  0.8551  0.1230  1
 174:   0.0078  0.8832  0.1090  1
 175:   0.0143  0.8527  0.1330  1
 176:   0.0397  0.7031  0.2571  1
 177:   0.0336  0.7670  0.1994  1
 178:   0.0302  0.8351  0.1347  1
 179:   0.0195  0.4205  0.5600  1
 180:   0.0103  0.8799  0.1098  1
 181:   0.0257  0.9669  0.0074  1
 182:   0.0103  0.8969  0.0928  1
 183:   0.0139  0.8760  0.1101  1
 184:   0.0739  0.8780  0.0481  1
 185:   0.0817  0.7991  0.1192  1
 186:   0.0390  0.8552  0.1058  1
 187:   0.0258  0.8634  0.1108  1
 188:   0.0131  0.8533  0.1336  1
 189:   0.0765  0.8208  0.1027  1
 190:   0.0383  0.8645  0.0972  1
 191:   0.0211  0.8588  0.1201  1
 192:   0.0132  0.8727  0.1141  1
 193:   0.0637  0.8279  0.1084  1
 194:   0.0799  0.8021  0.1180  1
 195:   0.0135  0.8499  0.1366  1
 196:   0.0289  0.6227  0.3484  1
 197:   0.0477  0.8245  0.1278  1
 198:   0.0094  0.9793  0.0113  1
 199:   0.0250  0.9306  0.0444  1
 200:   0.5832  0.4067  0.0101  1
 201:   0.2477  0.7456  0.0067  1
 202:   0.0130  0.9441  0.0429  1
 203:   0.0233  0.9705  0.0062  1
 204:   0.0181  0.9619  0.0200  1
 205:   0.0263  0.9619  0.0118  1
 206:   0.0117  0.9818  0.0065  1
 207:   0.0319  0.9561  0.0120  1
 208:   0.0091  0.9849  0.0060  1
 209:   0.0049  0.9844  0.0107  1
 210:   0.0089  0.9808  0.0103  1
 211:   0.0389  0.9245  0.0366  1
 212:   0.0188  0.9745  0.0067  1
 213:   0.0089  0.9809  0.0102  1
 214:   0.2626  0.6369  0.1005  1
 215:   0.0058  0.9888  0.0054  1
 216:   0.0098  0.9695  0.0207  1
 217:   0.1235  0.8636  0.0129  1
 218:   0.1841  0.8082  0.0077  1
 219:   0.0195  0.9262  0.0543  1
 220:   0.0113  0.9844  0.0043  1
 221:   0.0128  0.9581  0.0291  1
 222:   0.0444  0.9172  0.0384  1
 223:   0.1040  0.8754  0.0206  1
 224:   0.0067  0.9881  0.0052  1
 225:   0.0247  0.9663  0.0090  1
 226:   0.0299  0.9635  0.0066  1
 227:   0.0214  0.9643  0.0143  1
 228:   0.0120  0.9652  0.0228  1
 229:   0.0062  0.9897  0.0041  1
 230:   0.0915  0.8309  0.0776  1
 231:   0.0210  0.9685  0.0105  1
 232:   0.0078  0.9862  0.0060  1
 233:   0.0121  0.9659  0.0220  1
 234:   0.0510  0.9361  0.0129  1
 235:   0.0206  0.9434  0.0360  1
 236:   0.2880  0.6809  0.0311  1
 237:   0.0163  0.9757  0.0080  1
 238:   0.0253  0.9600  0.0147  1
 239:   0.0049  0.9893  0.0058  1
 240:   0.0878  0.8274  0.0848  1
 241:   0.0156  0.9661  0.0183  1
 242:   0.0125  0.9792  0.0083  1
 243:   0.0391  0.9539  0.0070  1
 244:   0.0502  0.9425  0.0073  1
 245:   0.3057  0.6776  0.0167  1
 246:   0.0163  0.9755  0.0082  1
 247:   0.0088  0.9816  0.0096  1
 248:   0.0292  0.9663  0.0045  1
 249:   0.0112  0.9815  0.0073  1
 250:   0.0253  0.9675  0.0072  1
 251:   0.0288  0.9248  0.0464  1
 252:   0.0323  0.9624  0.0053  1
 253:   0.1172  0.8574  0.0254  1
 254:   0.0356  0.9559  0.0085  1
 255:   0.0049  0.9717  0.0234  1
 256:   0.0063  0.9876  0.0061  1
 257:   0.0118  0.9729  0.0153  1
 258:   0.0105  0.9806  0.0089  1
 259:   0.0133  0.9613  0.0254  1
 260:   0.0506  0.9341  0.0153  1
 261:   0.0658  0.9213  0.0129  1
 262:   0.0067  0.9824  0.0109  1
 263:   0.0314  0.9633  0.0053  1
 264:   0.0099  0.9840  0.0061  1
 265:   0.0100  0.9786  0.0114  1
 266:   0.0099  0.9858  0.0043  1
 267:   0.0764  0.9142  0.0094  1
 268:   0.0119  0.9835  0.0046  1
 269:   0.0221  0.9262  0.0517  1
 270:   0.0230  0.9636  0.0134  1
 271:   0.0137  0.9778  0.0085  1
 272:   0.0700  0.9062  0.0238  1
 273:   0.0208  0.9583  0.0209  1
 274:   0.0259  0.9564  0.0177  1
 275:   0.0151  0.9752  0.0097  1
 276:   0.0087  0.9832  0.0081  1
 277:   0.0145  0.9814  0.0041  1
 278:   0.0140  0.9429  0.0431  1
 279:   0.0297  0.9532  0.0171  1
 280:   0.0127  0.9752  0.0121  1
 281:   0.0124  0.9766  0.0110  1
 282:   0.0136  0.9784  0.0080  1
 283:   0.0091  0.9686  0.0223  1
 284:   0.0096  0.9840  0.0064  1
 285:   0.0495  0.9332  0.0173  1
 286:   0.0258  0.9661  0.0081  1
 287:   0.0152  0.9623  0.0225  1
 288:   0.0162  0.9770  0.0068  1
 289:   0.0184  0.9738  0.0078  1
 290:   0.0451  0.9021  0.0528  1
 291:   0.0529  0.9404  0.0067  1
 292:   0.0087  0.9741  0.0172  1
 293:   0.0088  0.9865  0.0047  1
 294:   0.0123  0.8951  0.0926  1
 295:   0.0337  0.9301  0.0362  1
 296:   0.0162  0.9784  0.0054  1
 297:   0.0534  0.9034  0.0432  1
 298:   0.0113  0.9784  0.0103  1
 299:   0.0127  0.9806  0.0067  1
 300:   0.0199  0.9722  0.0079  1
 301:   0.0893  0.8723  0.0384  1
 302:   0.0518  0.9410  0.0072  1
 303:   0.0120  0.9562  0.0318  1
 304:   0.0164  0.9741  0.0095  1
 305:   0.0199  0.9725  0.0076  1
 306:   0.0069  0.9838  0.0093  1
 307:   0.0418  0.9182  0.0400  1
 308:   0.0123  0.9828  0.0049  1
 309:   0.0168  0.9778  0.0054  1
 310:   0.0116  0.9744  0.0140  1
 311:   0.0263  0.9612  0.0125  1
 312:   0.0290  0.9573  0.0137  1
 313:   0.0133  0.9773  0.0094  1
 314:   0.0151  0.9795  0.0054  1
 315:   0.0251  0.9575  0.0174  1
 316:   0.0153  0.9766  0.0081  1
 317:   0.0199  0.9730  0.0071  1
 318:   0.0089  0.9769  0.0142  1
 319:   0.0068  0.9846  0.0086  1
 320:   0.0257  0.9224  0.0519  1
 321:   0.0287  0.9565  0.0148  1
 322:   0.0069  0.9791  0.0140  1
 323:   0.0276  0.9665  0.0059  1
 324:   0.0154  0.9761  0.0085  1
 325:   0.0191  0.9620  0.0189  1
 326:   0.0127  0.9841  0.0032  1
 327:   0.0123  0.9722  0.0155  1
 328:   0.2316  0.7585  0.0098  1
 329:   0.0191  0.9730  0.0079  1
 330:   0.0676  0.9237  0.0087  1
 331:   0.0114  0.9836  0.0050  1
 332:   0.0292  0.9345  0.0363  1
 333:   0.0058  0.9876  0.0066  1
 334:   0.0508  0.8949  0.0543  1
 335:   0.0250  0.9189  0.0561  1
 336:   0.0067  0.9899  0.0034  1
 337:   0.0116  0.9820  0.0064  1
 338:   0.0097  0.9787  0.0116  1
 339:   0.0205  0.9692  0.0103  1
 340:   0.0064  0.9664  0.0272  1
 341:   0.0109  0.9839  0.0052  1
 342:   0.0140  0.9741  0.0119  1
 343:   0.0268  0.9689  0.0043  1
 344:   0.0107  0.9814  0.0079  1
 345:   0.0157  0.9797  0.0046  1
 346:   0.0190  0.9743  0.0067  1
 347:   0.0331  0.9551  0.0118  1
 348:   0.0235  0.9496  0.0269  1
 349:   0.0078  0.9775  0.0147  1
 350:   0.0058  0.9884  0.0058  1
 351:   0.0108  0.9812  0.0080  1
 352:   0.0817  0.8749  0.0434  1
 353:   0.0212  0.9706  0.0082  1
 354:   0.0158  0.9693  0.0149  1
 355:   0.0622  0.9189  0.0189  1
 356:   0.0084  0.9402  0.0514  1
 357:   0.0381  0.9535  0.0084  1
 358:   0.0077  0.9819  0.0104  1
 359:   0.0568  0.8480  0.0952  1
 360:   0.0876  0.8828  0.0296  1
 361:   0.0176  0.9712  0.0112  1
 362:   0.1838  0.8126  0.0036  1
 363:   0.1268  0.8467  0.0265  1
 364:   0.0350  0.9534  0.0116  1
 365:   0.0306  0.9264  0.0430  1
 366:   0.0304  0.9320  0.0376  1
 367:   0.0173  0.9657  0.0170  1
 368:   0.0072  0.9856  0.0072  1
 369:   0.0192  0.9758  0.0050  1
 370:   0.0049  0.9908  0.0043  1
 371:   0.0191  0.9714  0.0095  1
 372:   0.0119  0.9771  0.0110  1
 373:   0.0162  0.9758  0.0080  1
 374:   0.0177  0.9697  0.0126  1
 375:   0.1117  0.8793  0.0090  1
 376:   0.0097  0.9789  0.0114  1
 377:   0.0191  0.9684  0.0125  1
 378:   0.0275  0.9655  0.0070  1
 379:   0.0936  0.8793  0.0271  1
 380:   0.0260  0.9655  0.0085  1
 381:   0.2495  0.7439  0.0066  1
 382:   0.0092  0.9322  0.0586  1
 383:   0.0049  0.9867  0.0084  1
 384:   0.0140  0.9774  0.0086  1
 385:   0.0122  0.9794  0.0084  1
 386:   0.0088  0.9480  0.0432  1
 387:   0.0089  0.9411  0.0500  1
 388:   0.0307  0.9580  0.0113  1
 389:   0.0224  0.9503  0.0273  1
 390:   0.0266  0.9694  0.0040  1
 391:   0.0762  0.9176  0.0062  1
 392:   0.0133  0.9795  0.0072  1
 393:   0.0165  0.9779  0.0056  1
 394:   0.0227  0.9560  0.0213  1
 395:   0.0809  0.8597  0.0594  1
 396:   0.1866  0.7555  0.0579  1
 397:   0.0262  0.9647  0.0091  1
 398:   0.0086  0.9832  0.0082  1
 399:   0.0083  0.9882  0.0035  1
 400:   0.0308  0.9652  0.0040  1
 401:   0.0168  0.9649  0.0183  1
 402:   0.0789  0.8852  0.0359  1
 403:   0.0194  0.9749  0.0057  1
 404:   0.0121  0.9848  0.0031  1
 405:   0.0066  0.9902  0.0032  1
 406:   0.0698  0.8789  0.0513  1
 407:   0.0109  0.9754  0.0137  1
 408:   0.0470  0.9323  0.0207  1
 409:   0.1099  0.8815  0.0086  1
 410:   0.0448  0.9484  0.0068  1
 411:   0.0078  0.9827  0.0095  1
 412:   0.0387  0.8660  0.0953  1
 413:   0.0080  0.9822  0.0098  1
 414:   0.0070  0.9743  0.0187  1
 415:   0.0094  0.9725  0.0181  1
 416:   0.0352  0.9497  0.0151  1
 417:   0.0262  0.9608  0.0130  1
 418:   0.0075  0.9893  0.0032  1
 419:   0.0135  0.9762  0.0103  1
 420:   0.0107  0.9795  0.0098  1
 421:   0.0089  0.9820  0.0091  1
 422:   0.0078  0.9842  0.0080  1
 423:   0.0086  0.9857  0.0057  1
 424:   0.0091  0.9766  0.0143  1
 425:   0.0202  0.9690  0.0108  1
 426:   0.0449  0.9440  0.0111  1
 427:   0.0093  0.9746  0.0161  1
 428:   0.0343  0.9587  0.0070  1
 429:   0.0428  0.9174  0.0398  1
 430:   0.0461  0.9369  0.0170  1
 431:   0.1351  0.8570  0.0079  1
 432:   0.0375  0.9158  0.0467  1
 433:   0.0113  0.9799  0.0088  1
 434:   0.0142  0.9822  0.0036  1
 435:   0.0479  0.9369  0.0152  1
 436:   0.0792  0.9031  0.0177  1
 437:   0.0058  0.9886  0.0056  1
 438:   0.0199  0.9689  0.0112  1
 439:   0.0265  0.9669  0.0066  1
 440:   0.0339  0.9550  0.0111  1
 441:   0.0845  0.9021  0.0134  1
 442:   0.0104  0.9847  0.0049  1
 443:   0.0580  0.8106  0.1314  1
 444:   0.0126  0.9806  0.0068  1
 445:   0.0124  0.9812  0.0064  1
 446:   0.0428  0.9520  0.0052  1
 447:   0.0096  0.9791  0.0113  1
 448:   0.0665  0.9261  0.0074  1
 449:   0.0282  0.9615  0.0103  1
 450:   0.1170  0.8672  0.0158  1
 451:   0.1498  0.8425  0.0077  1
 452:   0.0079  0.9584  0.0337  1
 453:   0.0490  0.9451  0.0059  1
 454:   0.0116  0.9790  0.0094  1
 455:   0.0039  0.9909  0.0052  1
 456:   0.0996  0.8952  0.0052  1
 457:   0.0368  0.9561  0.0071  1
 458:   0.0243  0.9679  0.0078  1
 459:   0.0119  0.9812  0.0069  1
 460:   0.0283  0.9622  0.0095  1
 461:   0.0255  0.9525  0.0220  1
 462:   0.0070  0.9787  0.0143  1
 463:   0.0820  0.8987  0.0193  1
 464:   0.0073  0.9620  0.0307  1
 465:   0.0151  0.9716  0.0133  1
 466:   0.0139  0.9539  0.0322  1
 467:   0.0103  0.9697  0.0200  1
 468:   0.0136  0.8882  0.0982  1
 469:   0.0058  0.9894  0.0048  1
 470:   0.0532  0.9288  0.0180  1
 471:   0.1571  0.8366  0.0063  1
 472:   0.0124  0.9822  0.0054  1
 473:   0.0491  0.9103  0.0406  1
 474:   0.0172  0.9771  0.0057  1
 475:   0.4259  0.5646  0.0095  1
 476:   0.0216  0.9570  0.0214  1
 477:   0.0149  0.9719  0.0132  1
 478:   0.0139  0.9728  0.0133  1
 479:   0.0206  0.9565  0.0229  1
 480:   0.0290  0.9562  0.0148  1
 481:   0.0116  0.9833  0.0051  1
 482:   0.0183  0.9315  0.0502  1
 483:   0.1184  0.8754  0.0062  1
 484:   0.0276  0.9621  0.0103  1
 485:   0.0068  0.9868  0.0064  1
 486:   0.0126  0.9620  0.0254  1
 487:   0.0076  0.9855  0.0069  1
 488:   0.0631  0.9294  0.0075  1
 489:   0.0156  0.9719  0.0125  1
 490:   0.0224  0.9713  0.0063  1
 491:   0.0057  0.9909  0.0034  1
 492:   0.0343  0.9536  0.0121  1
 493:   0.0079  0.9860  0.0061  1
 494:   0.0086  0.9864  0.0050  1
 495:   0.0214  0.9730  0.0056  1
 496:   0.0098  0.9770  0.0132  1
 497:   0.1401  0.8302  0.0297  1
 498:   0.0130  0.9821  0.0049  1
 499:   0.0132  0.9762  0.0106  1
 500:   0.0177  0.9725  0.0098  1
 501:   0.0087  0.9856  0.0057  1
 502:   0.0149  0.9762  0.0089  1
 503:   0.0090  0.9588  0.0322  1
 504:   0.0061  0.9867  0.0072  1
 505:   0.0168  0.9774  0.0058  1
 506:   0.0608  0.9234  0.0158  1
 507:   0.0202  0.9753  0.0045  1
 508:   0.2534  0.5358  0.2107  1
 509:   0.0124  0.9830  0.0046  1
 510:   0.0359  0.9539  0.0102  1
 511:   0.0817  0.8927  0.0256  1
 512:   0.0149  0.9687  0.0164  1
 513:   0.0146  0.9762  0.0092  1
 514:   0.0095  0.9619  0.0286  1
 515:   0.0318  0.9517  0.0165  1
 516:   0.0106  0.9750  0.0144  1
 517:   0.0150  0.9805  0.0045  1
 518:   0.0777  0.9153  0.0070  1
 519:   0.0063  0.9889  0.0048  1
 520:   0.0457  0.9140  0.0403  1
 521:   0.0111  0.9832  0.0057  1
 522:   0.0522  0.9344  0.0134  1
 523:   0.0105  0.9832  0.0063  1
 524:   0.0092  0.9845  0.0063  1
 525:   0.0096  0.9827  0.0077  1
 526:   0.0067  0.9871  0.0062  1
 527:   0.0312  0.9583  0.0105  1
 528:   0.0127  0.9723  0.0150  1
 529:   0.0344  0.9506  0.0150  1
 530:   0.0139  0.9242  0.0619  1
 531:   0.0230  0.9580  0.0190  1
 532:   0.0094  0.9867  0.0039  1
 533:   0.0269  0.9669  0.0062  1
 534:   0.0400  0.9142  0.0458  1
 535:   0.0177  0.9248  0.0575  1
 536:   0.0127  0.9726  0.0147  1
 537:   0.0076  0.9882  0.0042  1
 538:   0.0076  0.9864  0.0060  1
 539:   0.0106  0.9814  0.0080  1
 540:   0.0411  0.9512  0.0077  1
 541:   0.0453  0.9120  0.0427  1
 542:   0.0239  0.9513  0.0248  1
 543:   0.0111  0.9644  0.0245  1
 544:   0.0178  0.9783  0.0039  1
 545:   0.0096  0.9842  0.0062  1
 546:   0.0097  0.9814  0.0089  1
 547:   0.0236  0.9701  0.0063  1
 548:   0.0087  0.9698  0.0215  1
 549:   0.0086  0.9841  0.0073  1
 550:   0.0170  0.9769  0.0061  1
 551:   0.1083  0.8835  0.0082  1
 552:   0.0172  0.9706  0.0122  1
 553:   0.0200  0.9578  0.0222  1
 554:   0.0124  0.9815  0.0061  1
 555:   0.0049  0.9880  0.0071  1
 556:   0.0176  0.9715  0.0109  1
 557:   0.0218  0.9697  0.0085  1
 558:   0.0632  0.9299  0.0069  1
 559:   0.0126  0.9177  0.0697  1
 560:   0.0224  0.9685  0.0091  1
 561:   0.0136  0.9801  0.0063  1
 562:   0.0245  0.9562  0.0193  1
 563:   0.0096  0.9860  0.0044  1
 564:   0.0095  0.9850  0.0055  1
 565:   0.0107  0.9737  0.0156  1
 566:   0.0443  0.9408  0.0149  1
 567:   0.0088  0.9861  0.0051  1
 568:   0.0165  0.9736  0.0099  1
 569:   0.0252  0.9660  0.0088  1
 570:   0.0088  0.9841  0.0071  1
 571:   0.0112  0.9852  0.0036  1
 572:   0.0118  0.9793  0.0089  1
 573:   0.0242  0.9707  0.0051  1
 574:   0.0076  0.9824  0.0100  1
 575:   0.0053  0.9150  0.0797  1
 576:   0.0333  0.9546  0.0121  1
 577:   0.1870  0.7782  0.0348  1
 578:   0.0189  0.9733  0.0078  1
 579:   0.0102  0.9865  0.0033  1
 580:   0.0236  0.9677  0.0087  1
 581:   0.0068  0.9871  0.0061  1
 582:   0.0047  0.9815  0.0138  1
 583:   0.0175  0.9785  0.0040  1
 584:   0.0085  0.9878  0.0037  1
 585:   0.0171  0.9761  0.0068  1
 586:   0.0230  0.9712  0.0058  1
 587:   0.0078  0.9840  0.0082  1
 588:   0.0116  0.9803  0.0081  1
 589:   0.0135  0.9819  0.0046  1
 590:   0.0549  0.9353  0.0098  1
 591:   0.0137  0.9740  0.0123  1
 592:   0.1576  0.8296  0.0128  1
 593:   0.0175  0.9666  0.0159  1
 594:   0.0137  0.9803  0.0060  1
 595:   0.0121  0.9644  0.0235  1
 596:   0.0069  0.9814  0.0117  1
 597:   0.0050  0.9855  0.0095  1
 598:   0.0087  0.9838  0.0075  1
 599:   0.0599  0.9343  0.0058  1
 600:   0.0099  0.9786  0.0115  1
 601:   0.0069  0.9854  0.0077  1
 602:   0.0187  0.9725  0.0088  1
 603:   0.0127  0.9805  0.0068  1
 604:   0.0119  0.9487  0.0394  1
 605:   0.0041  0.9839  0.0120  1
 606:   0.0121  0.9752  0.0127  1
 607:   0.1019  0.8701  0.0280  1
 608:   0.0068  0.9868  0.0064  1
 609:   0.1607  0.8341  0.0052  1
 610:   0.0194  0.9772  0.0034  1
 611:   0.0064  0.9866  0.0070  1
 612:   0.0148  0.9746  0.0106  1
 613:   0.0229  0.9699  0.0072  1
 614:   0.0197  0.9733  0.0070  1
 615:   0.0061  0.9803  0.0136  1
 616:   0.0184  0.9348  0.0468  1
 617:   0.0178  0.9759  0.0063  1
 618:   0.0057  0.9814  0.0129  1
 619:   0.0325  0.9331  0.0344  1
 620:   0.0141  0.9817  0.0042  1
 621:   0.0142  0.9782  0.0076  1
 622:   0.1907  0.7946  0.0147  1
 623:   0.0693  0.9262  0.0045  1
 624:   0.0304  0.9284  0.0412  1
 625:   0.0815  0.9002  0.0183  1
 626:   0.0267  0.9618  0.0115  1
 627:   0.0248  0.9455  0.0297  1
 628:   0.0130  0.9717  0.0153  1
 629:   0.0173  0.9631  0.0196  1
 630:   0.0131  0.9753  0.0116  1
 631:   0.0069  0.9732  0.0199  1
 632:   0.0136  0.9800  0.0064  1
 633:   0.0104  0.9855  0.0041  1
 634:   0.0151  0.9410  0.0439  1
 635:   0.0169  0.9780  0.0051  1
 636:   0.0630  0.9328  0.0042  1
 637:   0.0153  0.9581  0.0266  1
 638:   0.0092  0.9859  0.0049  1
 639:   0.0233  0.9723  0.0044  1
 640:   0.0085  0.9875  0.0040  1
 641:   0.0076  0.9859  0.0065  1
 642:   0.0598  0.9350  0.0052  1
 643:   0.0370  0.9304  0.0326  1
 644:   0.0196  0.9755  0.0049  1
 645:   0.0058  0.9880  0.0062  1
 646:   0.0293  0.9628  0.0079  1
 647:   0.0276  0.9653  0.0071  1
 648:   0.0444  0.9463  0.0093  1
 649:   0.1474  0.8467  0.0059  1
 650:   0.0116  0.9787  0.0097  1
 651:   0.0118  0.9806  0.0076  1
 652:   0.0241  0.9626  0.0133  1
 653:   0.0525  0.9342  0.0133  1
 654:   0.0159  0.7811  0.2030  1
 655:   0.0282  0.9334  0.0384  1
 656:   0.0088  0.9830  0.0082  1
 657:   0.0772  0.9030  0.0198  1
 658:   0.0110  0.9773  0.0117  1
 659:   0.0177  0.9758  0.0065  1
 660:   0.0128  0.9830  0.0042  1
 661:   0.0409  0.9460  0.0131  1
 662:   0.0107  0.9436  0.0457  1
 663:   0.0594  0.9351  0.0055  1
 664:   0.0059  0.9855  0.0086  1
 665:   0.0688  0.9168  0.0144  1
 666:   0.0151  0.9778  0.0071  1
 667:   0.0060  0.9848  0.0092  1
 668:   0.0108  0.9833  0.0059  1
 669:   0.0183  0.9496  0.0321  1
 670:   0.0077  0.9873  0.0050  1
 671:   0.0270  0.9676  0.0054  1
 672:   0.0087  0.9845  0.0068  1
 673:   0.0161  0.9758  0.0081  1
 674:   0.0117  0.9743  0.0140  1
 675:   0.0437  0.9149  0.0414  1
 676:   0.0130  0.9692  0.0178  1
 677:   0.0091  0.9857  0.0052  1
 678:   0.0088  0.9578  0.0334  1
 679:   0.0265  0.9659  0.0076  1
 680:   0.1288  0.8358  0.0354  1
 681:   0.0319  0.9627  0.0054  1
 682:   0.0095  0.9853  0.0052  1
 683:   0.0453  0.9493  0.0054  1
 684:   0.0221  0.9669  0.0110  1
 685:   0.0134  0.9785  0.0081  1
 686:   0.2160  0.7759  0.0081  1
 687:   0.0196  0.9705  0.0099  1
 688:   0.0105  0.9834  0.0061  1
 689:   0.1904  0.7989  0.0107  1
 690:   0.0383  0.9519  0.0098  1
 691:   0.0068  0.9855  0.0077  1
 692:   0.0224  0.9611  0.0165  1
 693:   0.5526  0.4304  0.0170  1
 694:   0.0963  0.8906  0.0131  1
 695:   0.0076  0.9880  0.0044  1
 696:   0.0070  0.9873  0.0057  1
 697:   0.0116  0.9793  0.0091  1
 698:   0.0355  0.9567  0.0078  1
 699:   0.0127  0.9782  0.0091  1
 700:   0.0281  0.9638  0.0081  1
 701:   0.0216  0.9736  0.0048  1
 702:   0.0289  0.9496  0.0215  1
 703:   0.0075  0.9855  0.0070  1
 704:   0.0116  0.9736  0.0148  1
 705:   0.0208  0.9685  0.0107  1
 706:   0.0048  0.9918  0.0034  1
 707:   0.0126  0.9805  0.0069  1
 708:   0.0195  0.9741  0.0064  1
 709:   0.0330  0.9015  0.0655  1
 710:   0.0070  0.9810  0.0120  1
 711:   0.2135  0.7810  0.0055  1
 712:   0.1383  0.8363  0.0255  1
 713:   0.0275  0.8913  0.0812  1
 714:   0.0123  0.9834  0.0043  1
 715:   0.0117  0.9817  0.0066  1
 716:   0.0058  0.9894  0.0048  1
 717:   0.0232  0.9529  0.0239  1
 718:   0.0049  0.9914  0.0037  1
 719:   0.0212  0.9402  0.0386  1
 720:   0.0372  0.9421  0.0207  1
 721:   0.0247  0.9037  0.0716  1
 722:   0.0253  0.9680  0.0067  1
 723:   0.0328  0.9605  0.0067  1
 724:   0.0496  0.9433  0.0071  1
 725:   0.0313  0.9450  0.0237  1
 726:   0.0376  0.9517  0.0107  1
 727:   0.0203  0.9749  0.0048  1
 728:   0.0165  0.9794  0.0041  1
 729:   0.0069  0.9858  0.0073  1
 730:   0.0156  0.9772  0.0072  1
 731:   0.0313  0.9237  0.0450  1
 732:   0.0500  0.9366  0.0134  1
 733:   0.0294  0.9613  0.0093  1
 734:   0.0068  0.9815  0.0117  1
 735:   0.0125  0.9476  0.0399  1
 736:   0.0305  0.9571  0.0124  1
 737:   0.0197  0.9583  0.0220  1
 738:   0.0536  0.9085  0.0379  1
 739:   0.0316  0.9533  0.0151  1
 740:   0.0073  0.9847  0.0080  1
 741:   0.0282  0.9648  0.0070  1
 742:   0.0147  0.9455  0.0398  1
 743:   0.0099  0.9703  0.0198  1
 744:   0.0202  0.9686  0.0112  1
 745:   0.0246  0.9416  0.0338  1
 746:   0.0113  0.9842  0.0045  1
 747:   0.0089  0.9802  0.0109  1
 748:   0.0087  0.9852  0.0061  1
 749:   0.0143  0.9726  0.0131  1
 750:   0.0090  0.9874  0.0036  1
 751:   0.0357  0.9375  0.0268  1
 752:   0.0147  0.9473  0.0380  1
 753:   0.0139  0.9720  0.0141  1
 754:   0.0221  0.9659  0.0120  1
 755:   0.1332  0.8470  0.0198  1
 756:   0.0198  0.9597  0.0205  1
 757:   0.0245  0.9659  0.0096  1
 758:   0.0122  0.9829  0.0049  1
 759:   0.0119  0.9812  0.0069  1
 760:   0.2445  0.7436  0.0119  1
 761:   0.0301  0.9625  0.0074  1
 762:   0.0549  0.9385  0.0066  1
 763:   0.0143  0.9798  0.0059  1
 764:   0.0220  0.9729  0.0051  1
 765:   0.0127  0.9677  0.0196  1
 766:   0.0060  0.9831  0.0109  1
 767:   0.0106  0.9810  0.0084  1
 768:   0.0116  0.9542  0.0342  1
 769:   0.0128  0.9745  0.0127  1
 770:   0.0341  0.9484  0.0175  1
 771:   0.0082  0.9741  0.0177  1
 772:   0.0078  0.9844  0.0078  1
 773:   0.0397  0.9190  0.0413  1
 774:   0.0416  0.8289  0.1295  1
 775:   0.0060  0.9769  0.0171  1
 776:   0.0291  0.9625  0.0084  1
 777:   0.0225  0.9683  0.0092  1
 778:   0.0224  0.9657  0.0119  1
 779:   0.0113  0.9846  0.0041  1
 780:   0.0603  0.7380  0.2017  1
 781:   0.0078  0.9688  0.0234  1
 782:   0.0210  0.9703  0.0087  1
 783:   0.1236  0.8682  0.0082  1
 784:   0.0132  0.9815  0.0053  1
 785:   0.0227  0.9700  0.0073  1
 786:   0.0061  0.9898  0.0041  1
 787:   0.0188  0.9748  0.0064  1
 788:   0.0126  0.9811  0.0063  1
 789:   0.0463  0.9487  0.0050  1
 790:   0.0209  0.9744  0.0047  1
 791:   0.0087  0.9848  0.0065  1
 792:   0.0845  0.8969  0.0186  1
 793:   0.0067  0.9884  0.0049  1
 794:   0.0168  0.9705  0.0127  1
 795:   0.0167  0.9696  0.0137  1
 796:   0.0092  0.9719  0.0189  1
 797:   0.0060  0.9824  0.0116  1
 798:   0.1883  0.7146  0.0971  1
 799:   0.0360  0.9419  0.0221  1
 800:   0.0067  0.9888  0.0045  1
 801:   0.0044  0.9917  0.0039  1
 802:   0.0379  0.9324  0.0297  1
 803:   0.0068  0.9871  0.0061  1
 804:   0.1025  0.8899  0.0076  1
 805:   0.0507  0.9094  0.0399  1
 806:   0.0104  0.8975  0.0921  1
 807:   0.0420  0.9372  0.0208  1
 808:   0.0142  0.9711  0.0147  1
 809:   0.0406  0.9549  0.0045  1
 810:   0.1204  0.8720  0.0076  1
 811:   0.0085  0.9278  0.0637  1
 812:   0.0153  0.9768  0.0079  1
 813:   0.0127  0.9797  0.0076  1
 814:   0.0187  0.9775  0.0038  1
 815:   0.0592  0.9301  0.0107  1
 816:   0.0121  0.9814  0.0065  1
 817:   0.0786  0.8831  0.0383  1
 818:   0.0265  0.9453  0.0282  1
 819:   0.0525  0.9401  0.0074  1
 820:   0.0049  0.9885  0.0066  1
 821:   0.0222  0.9648  0.0130  1
 822:   0.0480  0.9442  0.0078  1
 823:   0.0091  0.9692  0.0217  1
 824:   0.0381  0.9382  0.0237  1
 825:   0.0179  0.9685  0.0136  1
 826:   0.0120  0.9835  0.0045  1
 827:   0.0114  0.9804  0.0082  1
 828:   0.0116  0.9828  0.0056  1
 829:   0.0378  0.9552  0.0070  1
 830:   0.0127  0.9491  0.0382  1
 831:   0.0072  0.9881  0.0047  1
 832:   0.0122  0.9819  0.0059  1
 833:   0.0085  0.9882  0.0033  1
 834:   0.0433  0.9524  0.0043  1
 835:   0.1392  0.8414  0.0194  1
 836:   0.0476  0.9396  0.0128  1
 837:   0.0092  0.9853  0.0055  1
 838:   0.0105  0.9834  0.0061  1
 839:   0.0085  0.9744  0.0171  1
 840:   0.0040  0.9920  0.0040  1
 841:   0.0392  0.9338  0.0270  1
 842:   0.0145  0.9817  0.0038  1
 843:   0.0121  0.9825  0.0054  1
 844:   0.0150  0.9804  0.0046  1
 845:   0.0040  0.9836  0.0124  1
 846:   0.0196  0.9666  0.0138  1
 847:   0.0060  0.9863  0.0077  1
 848:   0.0449  0.9486  0.0065  1
 849:   0.0204  0.9623  0.0173  1
 850:   0.0628  0.9317  0.0055  1
 851:   0.0098  0.9767  0.0135  1
 852:   0.0941  0.8939  0.0120  1
 853:   0.0107  0.9841  0.0052  1
 854:   0.0143  0.9797  0.0060  1
 855:   0.0822  0.8685  0.0493  1
 856:   0.0120  0.9674  0.0206  1
 857:   0.0293  0.8566  0.1141  1
 858:   0.0104  0.9853  0.0043  1
 859:   0.0046  0.9908  0.0046  1
 860:   0.0136  0.9760  0.0104  1
 861:   0.0267  0.9430  0.0303  1
 862:   0.0679  0.9022  0.0299  1
 863:   0.0576  0.9379  0.0045  1
 864:   0.0200  0.9702  0.0098  1
 865:   0.0163  0.9750  0.0087  1
 866:   0.1585  0.8355  0.0060  1
 867:   0.0456  0.9486  0.0058  1
 868:   0.0122  0.9822  0.0056  1
 869:   0.0100  0.9753  0.0147  1
 870:   0.0117  0.9851  0.0032  1
 871:   0.0257  0.9684  0.0059  1
 872:   0.0098  0.9802  0.0100  1
 873:   0.0154  0.9799  0.0047  1
 874:   0.0327  0.9367  0.0306  1
 875:   0.0059  0.9873  0.0068  1
 876:   0.0059  0.9881  0.0060  1
 877:   0.0059  0.9881  0.0060  1
 878:   0.0198  0.9723  0.0079  1
 879:   0.0367  0.7329  0.2304  1
 880:   0.0131  0.9767  0.0102  1
 881:   0.0106  0.9790  0.0104  1
 882:   0.0141  0.9589  0.0270  1
 883:   0.0066  0.9000  0.0934  1
 884:   0.0188  0.9723  0.0089  1
 885:   0.0077  0.9855  0.0068  1
 886:   0.0244  0.9683  0.0073  1
 887:   0.0719  0.8918  0.0363  1
 888:   0.0283  0.9638  0.0079  1
 889:   0.0097  0.9374  0.0529  1
 890:   0.0151  0.9264  0.0585  1
 891:   0.0086  0.9855  0.0059  1
 892:   0.0047  0.9882  0.0071  1
 893:   0.0077  0.9880  0.0043  1
 894:   0.0169  0.9786  0.0045  1
 895:   0.0215  0.9664  0.0121  1
 896:   0.0491  0.9392  0.0117  1
 897:   0.0116  0.9796  0.0088  1
 898:   0.0220  0.9576  0.0204  1
 899:   0.0060  0.9877  0.0063  1
 900:   0.0096  0.9845  0.0059  1
 901:   0.0201  0.9753  0.0046  1
 902:   0.1133  0.8729  0.0138  1
 903:   0.0219  0.9667  0.0114  1
 904:   0.0217  0.9599  0.0184  1
 905:   0.0172  0.9764  0.0064  1
 906:   0.0281  0.9507  0.0212  1
 907:   0.0113  0.9824  0.0063  1
 908:   0.0203  0.9335  0.0462  1
 909:   0.0176  0.9765  0.0059  1
 910:   0.0120  0.9820  0.0060  1
 911:   0.0110  0.9471  0.0419  1
 912:   0.0365  0.9243  0.0392  1
 913:   0.0129  0.9797  0.0074  1
 914:   0.0394  0.9465  0.0141  1
 915:   0.0089  0.9792  0.0119  1
 916:   0.0592  0.9328  0.0080  1
 917:   0.0502  0.9089  0.0409  1
 918:   0.3578  0.6340  0.0082  1
 919:   0.0124  0.9830  0.0046  1
 920:   0.2057  0.7893  0.0050  1
 921:   0.0766  0.8948  0.0286  1
 922:   0.0979  0.8947  0.0074  1
 923:   0.0132  0.9808  0.0060  1
 924:   0.0104  0.9839  0.0057  1
 925:   0.0224  0.9699  0.0077  1
 926:   0.0178  0.9745  0.0077  1
 927:   0.0166  0.9746  0.0088  1
 928:   0.0431  0.9318  0.0251  1
 929:   0.0790  0.8851  0.0359  1
 930:   0.0249  0.9343  0.0408  1
 931:   0.0595  0.9156  0.0249  1
 932:   0.0720  0.9148  0.0132  1
 933:   0.0205  0.9688  0.0107  1
 934:   0.0078  0.9843  0.0079  1
 935:   0.0558  0.9375  0.0067  1
 936:   0.0675  0.9135  0.0190  1
 937:   0.0266  0.9399  0.0335  1
 938:   0.0184  0.9604  0.0212  1
 939:   0.0092  0.9861  0.0047  1
 940:   0.0080  0.9829  0.0091  1
 941:   0.0072  0.9740  0.0188  1
 942:   0.0050  0.9854  0.0096  1
 943:   0.0290  0.9572  0.0138  1
 944:   0.0058  0.9788  0.0154  1
 945:   0.0209  0.9270  0.0521  1
 946:   0.0145  0.9739  0.0116  1
 947:   0.0712  0.9180  0.0108  1
 948:   0.1384  0.8573  0.0043  1
 949:   0.0427  0.9490  0.0083  1
 950:   0.0274  0.9677  0.0049  1
 951:   0.0111  0.9743  0.0146  1
 952:   0.0299  0.9619  0.0082  1
 953:   0.1096  0.8785  0.0119  1
 954:   0.0196  0.9761  0.0043  1
 955:   0.0260  0.9626  0.0114  1
 956:   0.3053  0.6074  0.0873  1
 957:   0.0057  0.9911  0.0032  1
 958:   0.0821  0.8973  0.0206  1
 959:   0.0759  0.9181  0.0060  1
 960:   0.0286  0.9651  0.0063  1
 961:   0.0125  0.9824  0.0051  1
 962:   0.0196  0.9757  0.0047  1
 963:   0.0074  0.9707  0.0219  1
 964:   0.0168  0.9781  0.0051  1
 965:   0.0068  0.9859  0.0073  1
 966:   0.0094  0.9855  0.0051  1
 967:   0.0181  0.9755  0.0064  1
 968:   0.0178  0.9725  0.0097  1
 969:   0.0177  0.9416  0.0407  1
 970:   0.2145  0.7587  0.0268  1
 971:   0.0059  0.9841  0.0100  1
 972:   0.0141  0.9661  0.0198  1
 973:   0.0069  0.9895  0.0036  1
 974:   0.1142  0.8474  0.0384  1
 975:   0.0093  0.9860  0.0047  1
 976:   0.0264  0.9648  0.0088  1
 977:   0.0470  0.9458  0.0072  1
 978:   0.0092  0.9686  0.0222  1
 979:   0.0201  0.9737  0.0062  1
 980:   0.0176  0.9775  0.0049  1
 981:   0.0090  0.9717  0.0193  1
 982:   0.0105  0.9833  0.0062  1
 983:   0.0135  0.9767  0.0098  1
 984:   0.0104  0.9848  0.0048  1
 985:   0.0077  0.9857  0.0066  1
 986:   0.0088  0.9769  0.0143  1
 987:   0.0173  0.9508  0.0319  1
 988:   0.0426  0.9181  0.0393  1
 989:   0.0136  0.9690  0.0174  1
 990:   0.0069  0.9829  0.0102  1
 991:   0.1178  0.8522  0.0300  1
 992:   0.0378  0.9561  0.0061  1
 993:   0.0248  0.9685  0.0067  1
 994:   0.0767  0.9186  0.0047  1
 995:   0.0109  0.9772  0.0119  1
 996:   0.0281  0.9626  0.0093  1
 997:   0.0115  0.9818  0.0067  1
 998:   0.0478  0.9356  0.0166  1
 999:   0.0504  0.9445  0.0051  1
1000:   0.0168  0.9571  0.0261  1
1001:   0.0076  0.9873  0.0051  1
1002:   0.0109  0.9753  0.0138  1
1003:   0.0126  0.9805  0.0069  1
1004:   0.0139  0.9434  0.0427  1
1005:   0.0232  0.9712  0.0056  1
1006:   0.0145  0.9708  0.0147  1
1007:   0.0088  0.9852  0.0060  1
1008:   0.2245  0.7620  0.0135  1
1009:   0.0740  0.9214  0.0046  1
1010:   0.0068  0.9882  0.0050  1
1011:   0.0235  0.9662  0.0103  1
1012:   0.0350  0.9407  0.0243  1
1013:   0.0640  0.9043  0.0317  1
1014:   0.0444  0.9361  0.0195  1
1015:   0.0157  0.9694  0.0149  1
1016:   0.0112  0.9732  0.0156  1
1017:   0.1175  0.8663  0.0162  1
1018:   0.0448  0.9445  0.0107  1
1019:   0.0156  0.9738  0.0106  1
1020:   0.0193  0.9744  0.0063  1
1021:   0.0460  0.9476  0.0064  1
1022:   0.0148  0.9776  0.0076  1
1023:   0.0050  0.9846  0.0104  1
1024:   0.0181  0.9759  0.0060  1
1025:   0.0089  0.9811  0.0100  1
1026:   0.0095  0.9872  0.0033  1
1027:   0.0620  0.9306  0.0074  1
1028:   0.0745  0.9093  0.0162  1
1029:   0.0109  0.9838  0.0053  1
1030:   0.0721  0.8163  0.1116  1
1031:   0.0428  0.9436  0.0136  1
1032:   0.0107  0.9619  0.0274  1
1033:   0.0115  0.9812  0.0073  1
1034:   0.0846  0.9070  0.0084  1
1035:   0.0170  0.9770  0.0060  1
1036:   0.0299  0.9637  0.0064  1
1037:   0.1294  0.8476  0.0230  1
1038:   0.0104  0.9851  0.0045  1
1039:   0.0156  0.9803  0.0041  1
1040:   0.0099  0.9784  0.0117  1
1041:   0.0144  0.9755  0.0101  1
1042:   0.0513  0.9428  0.0059  1
1043:   0.0282  0.9637  0.0081  1
1044:   0.0168  0.9773  0.0059  1
1045:   0.0308  0.9651  0.0041  1
1046:   0.1405  0.8498  0.0097  1
1047:   0.0296  0.9649  0.0055  1
1048:   0.0215  0.9728  0.0057  1
1049:   0.0162  0.9797  0.0041  1
1050:   0.1700  0.8221  0.0079  1
1051:   0.0234  0.9712  0.0054  1
1052:   0.0089  0.9733  0.0178  1
1053:   0.0635  0.9297  0.0068  1
1054:   0.0312  0.9611  0.0077  1
1055:   0.0141  0.9810  0.0049  1
1056:   0.0119  0.9779  0.0102  1
1057:   0.0143  0.9783  0.0074  1
1058:   0.0106  0.9690  0.0204  1
1059:   0.0207  0.9580  0.0213  1
1060:   0.0145  0.9732  0.0123  1
1061:   0.0301  0.9534  0.0165  1
1062:   0.1121  0.8249  0.0629  1
1063:   0.0162  0.9630  0.0208  1
1064:   0.0078  0.9869  0.0053  1
1065:   0.0451  0.9488  0.0061  1
1066:   0.0284  0.9644  0.0072  1
1067:   0.0109  0.9740  0.0151  1
1068:   0.0165  0.9801  0.0034  1
1069:   0.0086  0.9853  0.0061  1
1070:   0.0078  0.9858  0.0064  1
1071:   0.0069  0.9788  0.0143  1
1072:   0.0095  0.9807  0.0098  1
1073:   0.0158  0.9781  0.0061  1
1074:   0.0560  0.9259  0.0181  1
1075:   0.0221  0.9667  0.0112  1
1076:   0.0124  0.9664  0.0212  1
1077:   0.0053  0.9878  0.0069  1
1078:   0.0070  0.9712  0.0218  1
1079:   0.0514  0.9375  0.0111  1
1080:   0.5141  0.3650  0.1209  1
1081:   0.0048  0.9910  0.0042  1
1082:   0.0116  0.9743  0.0141  1
1083:   0.0604  0.9341  0.0055  1
1084:   0.0048  0.9901  0.0051  1
1085:   0.0120  0.9705  0.0175  1
1086:   0.0174  0.9794  0.0032  1
1087:   0.0123  0.9823  0.0054  1
1088:   0.0137  0.9761  0.0102  1
1089:   0.0152  0.9798  0.0050  1
1090:   0.4105  0.5670  0.0225  1
1091:   0.0099  0.9759  0.0142  1
1092:   0.0069  0.9794  0.0137  1
1093:   0.0222  0.9665  0.0113  1
1094:   0.0387  0.9395  0.0218  1
1095:   0.0177  0.9730  0.0093  1
1096:   0.0103  0.9861  0.0036  1
1097:   0.2397  0.7152  0.0451  1
1098:   0.0265  0.9645  0.0090  1
1099:   0.3350  0.4829  0.1821  1
1100:   0.0497  0.8800  0.0703  1
1101:   0.0309  0.9611  0.0080  1
1102:   0.0104  0.9848  0.0048  1
1103:   0.0311  0.9558  0.0131  1
1104:   0.1160  0.8675  0.0165  1
1105:   0.0087  0.9833  0.0080  1
1106:   0.0067  0.9876  0.0057  1
1107:   0.0067  0.9897  0.0036  1
1108:   0.0865  0.8962  0.0173  1
1109:   0.0492  0.9371  0.0137  1
1110:   0.0080  0.9800  0.0120  1
1111:   0.0171  0.9752  0.0077  1
1112:   0.1040  0.8503  0.0457  1
1113:   0.0109  0.9843  0.0048  1
1114:   0.0299  0.9219  0.0482  1
1115:   0.0112  0.9844  0.0044  1
1116:   0.0359  0.9555  0.0086  1
1117:   0.0112  0.9668  0.0220  1
1118:   0.0578  0.9355  0.0067  1
1119:   0.0106  0.9818  0.0076  1
1120:   0.0925  0.9003  0.0072  1
1121:   0.1287  0.8663  0.0050  1
1122:   0.0374  0.9528  0.0098  1
1123:   0.0237  0.9199  0.0564  1
1124:   0.0098  0.9768  0.0134  1
1125:   0.0058  0.9882  0.0060  1
1126:   0.0106  0.9561  0.0333  1
1127:   0.0077  0.9859  0.0064  1
1128:   0.0128  0.9783  0.0089  1
1129:   0.0320  0.9491  0.0189  1
1130:   0.0123  0.9788  0.0089  1
1131:   0.0199  0.9156  0.0645  1
1132:   0.0070  0.9797  0.0133  1
1133:   0.0110  0.9813  0.0077  1
1134:   0.0144  0.9794  0.0062  1
1135:   0.0173  0.9737  0.0090  1
1136:   0.1081  0.8658  0.0261  1
1137:   0.5212  0.4720  0.0068  1
1138:   0.0129  0.9766  0.0105  1
1139:   0.1681  0.8226  0.0093  1
1140:   0.0160  0.9668  0.0172  1
1141:   0.0097  0.9820  0.0083  1
1142:   0.0200  0.9727  0.0073  1
1143:   0.0724  0.9154  0.0122  1
1144:   0.0301  0.9615  0.0084  1
1145:   0.0058  0.9852  0.0090  1
1146:   0.0134  0.9809  0.0057  1
1147:   0.0346  0.9590  0.0064  1
1148:   0.0295  0.9653  0.0052  1
1149:   0.0078  0.9196  0.0726  1
1150:   0.0611  0.9262  0.0127  1
1151:   0.0523  0.8407  0.1070  1
1152:   0.0211  0.9710  0.0079  1
1153:   0.0295  0.9625  0.0080  1
1154:   0.0849  0.8831  0.0320  1
1155:   0.0302  0.9620  0.0078  1
1156:   0.0109  0.9838  0.0053  1
1157:   0.0434  0.9448  0.0118  1
1158:   0.0180  0.9749  0.0071  1
1159:   0.0264  0.9668  0.0068  1
1160:   0.0122  0.9825  0.0053  1
1161:   0.0705  0.9197  0.0098  1
1162:   0.0643  0.9231  0.0126  1
1163:   0.7047  0.2885  0.0068  1
1164:   0.1194  0.8756  0.0050  1
1165:   0.0160  0.9786  0.0054  1
1166:   0.1032  0.8707  0.0262  1
1167:   0.0279  0.9494  0.0227  1
1168:   0.0174  0.9717  0.0109  1
1169:   0.0300  0.9637  0.0063  1
1170:   0.6239  0.3633  0.0128  1
1171:   0.0448  0.9488  0.0064  1
1172:   0.0098  0.9805  0.0097  1
1173:   0.0135  0.9706  0.0159  1
1174:   0.0285  0.9586  0.0129  1
1175:   0.0326  0.9547  0.0127  1
1176:   0.0400  0.8971  0.0629  1
