   1:   0.0089  0.0050  0.0130  0.0066  0.9569  0.0066  0.0030  1
   2:   0.0184  0.0090  0.0193  0.0344  0.8823  0.0164  0.0201  1
   3:   0.0115  0.0083  0.0117  0.0144  0.9386  0.0098  0.0057  1
   4:   0.0275  0.0343  0.0214  0.0199  0.8432  0.0172  0.0365  1
   5:   0.0069  0.0113  0.0068  0.0052  0.9593  0.0075  0.0030  1
   6:   0.0150  0.0191  0.0099  0.0152  0.9218  0.0140  0.0050  1
   7:   0.0098  0.0683  0.0124  0.0091  0.8652  0.0186  0.0166  1
   8:   0.0049  0.0044  0.0074  0.0060  0.9663  0.0080  0.0030  1
   9:   0.0122  0.0060  0.0300  0.0351  0.8166  0.0582  0.0419  1
  10:   0.0163  0.0132  0.0086  0.0101  0.9201  0.0256  0.0061  1
  11:   0.0059  0.0079  0.0096  0.0059  0.9527  0.0075  0.0105  1
  12:   0.0523  0.0041  0.0139  0.0298  0.8423  0.0197  0.0379  1
  13:   0.0367  0.0326  0.0333  0.0541  0.8062  0.0293  0.0079  1
  14:   0.0070  0.0041  0.0080  0.0087  0.9529  0.0078  0.0115  1
  15:   0.0371  0.1781  0.2184  0.0402  0.3676  0.1519  0.0068  1
  16:   0.0867  0.0051  0.0427  0.0840  0.7393  0.0392  0.0030  1
  17:   0.0335  0.0177  0.0186  0.0311  0.7520  0.0370  0.1101  1
  18:   0.0040  0.0060  0.0035  0.0039  0.9754  0.0032  0.0040  1
  19:   0.0070  0.0065  0.0051  0.0060  0.9619  0.0046  0.0089  1
  20:   0.3299  0.0128  0.0430  0.0334  0.5478  0.0291  0.0040  1
  21:   0.0159  0.0084  0.0210  0.0210  0.9067  0.0210  0.0060  1
  22:   0.0270  0.0092  0.2047  0.0359  0.6915  0.0269  0.0048  1
  23:   0.0062  0.0069  0.0071  0.0080  0.9408  0.0088  0.0222  1
  24:   0.0071  0.0030  0.0076  0.0061  0.9664  0.0058  0.0040  1
  25:   0.0181  0.0030  0.0083  0.0155  0.9428  0.0093  0.0030  1
  26:   0.0828  0.0181  0.0609  0.0975  0.0301  0.7076  0.0030  1
  27:   0.0040  0.0071  0.0040  0.0039  0.8541  0.0033  0.1235  1
  28:   0.0639  0.3809  0.2564  0.0608  0.0050  0.2297  0.0033  1
  29:   0.0561  0.0051  0.0479  0.0996  0.6399  0.0640  0.0874  1
  30:   0.0570  0.0050  0.0568  0.0706  0.6343  0.1693  0.0070  1
  31:   0.4143  0.0388  0.0456  0.1329  0.1763  0.1775  0.0147  1
  32:   0.0100  0.0059  0.0101  0.0070  0.9492  0.0078  0.0100  1
  33:   0.0153  0.0079  0.0050  0.0053  0.9449  0.0083  0.0133  1
  34:   0.0093  0.0757  0.0181  0.0170  0.8359  0.0154  0.0286  1
  35:   0.1030  0.0120  0.0330  0.3429  0.3881  0.0458  0.0751  1
  36:   0.0110  0.0051  0.0209  0.0241  0.8897  0.0443  0.0049  1
  37:   0.0508  0.1608  0.0343  0.0328  0.6953  0.0200  0.0060  1
  38:   0.0050  0.0040  0.0040  0.0041  0.9748  0.0031  0.0050  1
  39:   0.0535  0.0068  0.0380  0.6589  0.1025  0.1332  0.0071  1
  40:   0.3390  0.0060  0.2111  0.0783  0.0555  0.3041  0.0060  1
  41:   0.0077  0.0475  0.0080  0.0068  0.9154  0.0116  0.0030  1
  42:   0.0391  0.0281  0.0724  0.0237  0.8036  0.0242  0.0089  1
  43:   0.0174  0.0051  0.0394  0.0240  0.8757  0.0363  0.0020  1
  44:   0.0063  0.0141  0.0064  0.0070  0.9498  0.0072  0.0092  1
  45:   0.0070  0.0098  0.0069  0.0060  0.9462  0.0073  0.0168  1
  46:   0.0157  0.0072  0.0118  0.0177  0.9269  0.0138  0.0069  1
  47:   0.0245  0.0093  0.0389  0.0620  0.6283  0.2240  0.0130  1
  48:   0.0303  0.0092  0.0222  0.0332  0.8395  0.0615  0.0040  1
  49:   0.0092  0.0077  0.0131  0.0118  0.9392  0.0120  0.0070  1
  50:   0.3041  0.0409  0.3576  0.2266  0.0114  0.0221  0.0373  1
  51:   0.0819  0.0162  0.1791  0.4577  0.1483  0.0992  0.0176  1
  52:   0.1515  0.0077  0.0313  0.2358  0.5198  0.0438  0.0101  1
  53:   0.0315  0.0184  0.0331  0.0190  0.8557  0.0393  0.0030  1
  54:   0.0051  0.0114  0.0125  0.0087  0.9485  0.0078  0.0060  1
  55:   0.0050  0.0097  0.0049  0.0040  0.9499  0.0043  0.0222  1
  56:   0.0069  0.0131  0.0081  0.0061  0.9553  0.0074  0.0031  1
  57:   0.0031  0.0076  0.0029  0.0028  0.9702  0.0034  0.0100  1
  58:   0.0177  0.0050  0.0128  0.0222  0.9263  0.0130  0.0030  1
  59:   0.0109  0.0144  0.0079  0.0089  0.9372  0.0099  0.0108  1
  60:   0.0199  0.0268  0.0529  0.0530  0.7716  0.0652  0.0106  1
  61:   0.0201  0.0203  0.0402  0.0207  0.8551  0.0317  0.0119  1
  62:   0.0096  0.0030  0.0060  0.0066  0.9643  0.0075  0.0030  1
  63:   0.0400  0.0232  0.0614  0.0170  0.8272  0.0273  0.0040  1
  64:   0.1408  0.0095  0.0943  0.0383  0.6086  0.1025  0.0060  1
  65:   0.4447  0.0180  0.0684  0.0537  0.3015  0.0518  0.0618  1
  66:   0.0827  0.0657  0.5183  0.1208  0.1136  0.0919  0.0069  1
  67:   0.0148  0.0090  0.0170  0.0162  0.8916  0.0403  0.0111  1
  68:   0.0082  0.0089  0.0162  0.0128  0.9347  0.0142  0.0050  1
  69:   0.3128  0.0201  0.2254  0.0584  0.3199  0.0379  0.0254  1
  70:   0.0042  0.0030  0.0050  0.0050  0.9710  0.0048  0.0070  1
  71:   0.0105  0.0061  0.0081  0.0140  0.9434  0.0078  0.0101  1
  72:   0.0035  0.0020  0.0040  0.0031  0.9825  0.0029  0.0020  1
  73:   0.0385  0.0041  0.1029  0.1203  0.6456  0.0823  0.0062  1
  74:   0.0072  0.0151  0.0166  0.0142  0.9284  0.0155  0.0030  1
  75:   0.0041  0.0069  0.0031  0.0058  0.9710  0.0051  0.0040  1
  76:   0.1019  0.0070  0.0482  0.0648  0.4959  0.2679  0.0143  1
  77:   0.0579  0.0064  0.0237  0.0230  0.8527  0.0233  0.0130  1
  78:   0.0573  0.0177  0.0080  0.0137  0.8508  0.0180  0.0345  1
  79:   0.0043  0.0228  0.0036  0.0086  0.9418  0.0061  0.0128  1
  80:   0.0137  0.0070  0.0182  0.0117  0.9331  0.0103  0.0060  1
  81:   0.2344  0.1317  0.0492  0.0813  0.4513  0.0442  0.0079  1
  82:   0.0039  0.0049  0.0039  0.0030  0.9782  0.0041  0.0020  1
  83:   0.0088  0.0052  0.0071  0.0075  0.9565  0.0069  0.0080  1
  84:   0.0645  0.0092  0.0382  0.0363  0.7709  0.0759  0.0050  1
  85:   0.0049  0.0030  0.0030  0.0030  0.9801  0.0030  0.0030  1
  86:   0.2087  0.0204  0.2953  0.1343  0.2474  0.0880  0.0060  1
  87:   0.0108  0.0355  0.0251  0.0326  0.8464  0.0244  0.0252  1
  88:   0.0069  0.0072  0.0102  0.0061  0.9484  0.0092  0.0120  1
  89:   0.0078  0.0069  0.0084  0.0052  0.9634  0.0056  0.0027  1
  90:   0.0306  0.0060  0.0199  0.0574  0.8659  0.0152  0.0050  1
  91:   0.3093  0.0089  0.3016  0.0466  0.2338  0.0968  0.0030  1
  92:   0.0186  0.0313  0.0836  0.0947  0.0926  0.6702  0.0091  1
  93:   0.0048  0.0030  0.0050  0.0058  0.9706  0.0048  0.0060  1
  94:   0.0062  0.0085  0.0078  0.0076  0.9463  0.0064  0.0172  1
  95:   0.1494  0.0493  0.0567  0.0825  0.5920  0.0672  0.0030  1
  96:   0.2278  0.0299  0.0643  0.1050  0.1161  0.4540  0.0030  1
  97:   0.0260  0.0238  0.0193  0.0158  0.8317  0.0107  0.0726  1
  98:   0.0514  0.0124  0.0482  0.0209  0.8281  0.0268  0.0123  1
  99:   0.0052  0.0110  0.0061  0.0097  0.9518  0.0082  0.0080  1
 100:   0.0230  0.0182  0.0148  0.0108  0.9164  0.0108  0.0060  1
 101:   0.0101  0.0121  0.0086  0.0182  0.9135  0.0245  0.0130  1
 102:   0.0511  0.0124  0.0162  0.0244  0.8593  0.0211  0.0155  1
 103:   0.1352  0.0143  0.0709  0.1416  0.5636  0.0705  0.0040  1
 104:   0.0068  0.0121  0.0074  0.0041  0.9585  0.0061  0.0050  1
 105:   0.0059  0.0166  0.0069  0.0052  0.9463  0.0075  0.0116  1
 106:   0.0050  0.0087  0.0041  0.0040  0.9687  0.0045  0.0050  1
 107:   0.0262  0.0065  0.0438  0.0343  0.8123  0.0699  0.0070  1
 108:   0.0834  0.0660  0.0857  0.3614  0.2334  0.1622  0.0080  1
 109:   0.0083  0.0030  0.0131  0.0089  0.9527  0.0070  0.0070  1
 110:   0.1036  0.0185  0.1643  0.1010  0.0499  0.3434  0.2195  1
 111:   0.0069  0.0254  0.0088  0.0062  0.9381  0.0096  0.0050  1
 112:   0.0039  0.0030  0.0050  0.0031  0.9791  0.0039  0.0020  1
 113:   0.0172  0.6168  0.0369  0.0267  0.2002  0.0730  0.0291  1
 114:   0.0333  0.0099  0.0171  0.0286  0.8844  0.0174  0.0093  1
 115:   0.0065  0.0161  0.0070  0.0051  0.9526  0.0067  0.0060  1
 116:   0.0143  0.0050  0.0137  0.0164  0.9130  0.0306  0.0070  1
 117:   0.2684  0.0082  0.0271  0.0735  0.5401  0.0757  0.0070  1
 118:   0.0128  0.0030  0.0099  0.0109  0.9504  0.0100  0.0030  1
 119:   0.0161  0.0170  0.0083  0.0094  0.9114  0.0298  0.0080  1
 120:   0.0194  0.0146  0.0690  0.0627  0.7289  0.1024  0.0030  1
 121:   0.0241  0.2947  0.0509  0.1263  0.1450  0.3551  0.0039  1
 122:   0.0244  0.0277  0.0335  0.0574  0.8145  0.0333  0.0091  1
 123:   0.1487  0.0135  0.1129  0.2366  0.2115  0.2718  0.0050  1
 124:   0.0055  0.0581  0.0050  0.0042  0.9127  0.0103  0.0042  1
 125:   0.0155  0.0039  0.0111  0.0085  0.9501  0.0088  0.0021  1
 126:   0.0093  0.0457  0.0223  0.0307  0.8116  0.0200  0.0604  1
 127:   0.0466  0.0096  0.0710  0.0446  0.4526  0.3522  0.0234  1
 128:   0.1050  0.0151  0.0666  0.4329  0.0767  0.2897  0.0141  1
 129:   0.0321  0.0416  0.0924  0.0254  0.7335  0.0709  0.0040  1
 130:   0.0090  0.0112  0.0143  0.0091  0.9435  0.0099  0.0030  1
 131:   0.0084  0.0046  0.0069  0.0118  0.9394  0.0087  0.0202  1
 132:   0.0658  0.0120  0.0843  0.0517  0.6850  0.0525  0.0487  1
 133:   0.0040  0.0049  0.0049  0.0047  0.9715  0.0050  0.0050  1
 134:   0.0040  0.0030  0.0031  0.0048  0.9723  0.0039  0.0089  1
 135:   0.0370  0.0071  0.0114  0.0265  0.8878  0.0173  0.0129  1
 136:   0.0410  0.0085  0.0445  0.0456  0.8176  0.0348  0.0080  1
 137:   0.0384  0.0292  0.0170  0.0192  0.8362  0.0549  0.0051  1
 138:   0.0136  0.0040  0.0118  0.0112  0.9403  0.0131  0.0060  1
 139:   0.2008  0.0121  0.0910  0.0745  0.3303  0.2355  0.0558  1
 140:   0.0178  0.0114  0.0112  0.0146  0.9229  0.0101  0.0120  1
 141:   0.0040  0.1757  0.0040  0.0055  0.7393  0.0113  0.0602  1
 142:   0.4264  0.0174  0.0351  0.0364  0.4344  0.0114  0.0389  1
 143:   0.0059  0.0040  0.0060  0.0048  0.9684  0.0049  0.0060  1
 144:   0.2546  0.4491  0.1137  0.0510  0.0178  0.1089  0.0050  1
 145:   0.0254  0.0788  0.0796  0.0382  0.7410  0.0310  0.0059  1
 146:   0.0060  0.0089  0.0102  0.0062  0.9522  0.0076  0.0089  1
 147:   0.0233  0.0069  0.0256  0.0221  0.8852  0.0299  0.0070  1
 148:   0.2314  0.0252  0.1984  0.2788  0.0208  0.2322  0.0132  1
 149:   0.0264  0.0284  0.0217  0.0206  0.8703  0.0216  0.0110  1
 150:   0.0356  0.0232  0.0431  0.4786  0.0360  0.3779  0.0056  1
 151:   0.0093  0.0060  0.0060  0.0064  0.9533  0.0080  0.0110  1
 152:   0.0158  0.0061  0.1080  0.0316  0.7546  0.0772  0.0068  1
 153:   0.0103  0.1484  0.0132  0.0160  0.7789  0.0253  0.0079  1
 154:   0.0071  0.0030  0.0069  0.0068  0.9607  0.0066  0.0089  1
 155:   0.0116  0.0050  0.0119  0.0094  0.9385  0.0124  0.0112  1
 156:   0.0080  0.0060  0.0102  0.0093  0.9496  0.0099  0.0070  1
 157:   0.0265  0.0605  0.0209  0.0149  0.8501  0.0181  0.0089  1
 158:   0.1023  0.1179  0.2334  0.2422  0.1799  0.1039  0.0205  1
 159:   0.0206  0.0682  0.0223  0.0121  0.8281  0.0314  0.0173  1
 160:   0.0293  0.0140  0.0206  0.0273  0.8803  0.0165  0.0120  1
 161:   0.0050  0.0060  0.0055  0.0059  0.9369  0.0065  0.0342  1
 162:   0.0561  0.1515  0.0504  0.0257  0.6630  0.0450  0.0082  1
 163:   0.0154  0.0060  0.0105  0.0089  0.9369  0.0090  0.0133  1
 164:   0.1024  0.0163  0.0426  0.1960  0.5884  0.0418  0.0125  1
 165:   0.0059  0.0060  0.0061  0.0051  0.9643  0.0086  0.0040  1
 166:   0.0168  0.0070  0.0187  0.0253  0.8931  0.0251  0.0140  1
 167:   0.0092  0.0030  0.0060  0.0077  0.9620  0.0041  0.0080  1
 168:   0.1252  0.0074  0.0840  0.0348  0.7291  0.0125  0.0069  1
 169:   0.0051  0.0080  0.0094  0.0085  0.9527  0.0113  0.0050  1
 170:   0.6579  0.0148  0.1357  0.1271  0.0298  0.0187  0.0160  1
 171:   0.0428  0.0144  0.0809  0.0154  0.8058  0.0338  0.0070  1
 172:   0.0572  0.0153  0.2022  0.2226  0.4584  0.0264  0.0179  1
 173:   0.0171  0.0127  0.0133  0.0114  0.9184  0.0187  0.0084  1
 174:   0.0154  0.0059  0.0148  0.0204  0.9204  0.0179  0.0052  1
 175:   0.0052  0.0030  0.0054  0.0049  0.9737  0.0039  0.0039  1
 176:   0.0325  0.0196  0.0423  0.0274  0.6727  0.0769  0.1287  1
 177:   0.0059  0.0049  0.0060  0.0059  0.9646  0.0051  0.0076  1
 178:   0.0095  0.0085  0.0148  0.0162  0.9283  0.0127  0.0100  1
 179:   0.0041  0.0046  0.0039  0.0039  0.6564  0.0031  0.3240  1
 180:   0.0070  0.0030  0.0050  0.0059  0.9713  0.0048  0.0030  1
 181:   0.9281  0.0092  0.0073  0.0297  0.0092  0.0134  0.0031  1
 182:   0.0661  0.0050  0.0184  0.1032  0.7801  0.0252  0.0020  1
 183:   0.0082  0.0048  0.0127  0.0082  0.9480  0.0159  0.0022  1
 184:   0.0891  0.0786  0.0600  0.3031  0.2384  0.2256  0.0050  1
 185:   0.0083  0.0181  0.0099  0.0099  0.9386  0.0092  0.0060  1
 186:   0.2025  0.0167  0.0237  0.0437  0.6852  0.0222  0.0060  1
 187:   0.1254  0.0195  0.0668  0.0474  0.6644  0.0675  0.0090  1
 188:   0.0031  0.0030  0.0033  0.0030  0.9816  0.0030  0.0030  1
 189:   0.0183  0.0274  0.0115  0.0125  0.8896  0.0386  0.0020  1
 190:   0.1091  0.0191  0.0536  0.0477  0.7379  0.0298  0.0029  1
 191:   0.0813  0.0109  0.0508  0.0387  0.7851  0.0259  0.0073  1
 192:   0.0236  0.0075  0.0103  0.0072  0.9402  0.0072  0.0040  1
 193:   0.0235  0.0348  0.0304  0.0167  0.8588  0.0229  0.0129  1
 194:   0.0883  0.0962  0.0965  0.0759  0.4927  0.1195  0.0308  1
 195:   0.0289  0.0080  0.0723  0.1204  0.7115  0.0480  0.0109  1
 196:   0.0030  0.0040  0.0031  0.0040  0.9680  0.0040  0.0139  1
 197:   0.0076  0.0079  0.0050  0.0070  0.9613  0.0072  0.0040  1
 198:   0.0892  0.0066  0.2651  0.4164  0.0207  0.1951  0.0069  1
 199:   0.1731  0.0142  0.0474  0.6684  0.0201  0.0476  0.0293  1
 200:   0.0303  0.2822  0.5354  0.0459  0.0128  0.0875  0.0059  1
 201:   0.2299  0.1943  0.1692  0.3217  0.0103  0.0706  0.0040  1
 202:   0.4292  0.0104  0.0496  0.1680  0.1436  0.1874  0.0119  1
 203:   0.1310  0.0188  0.4524  0.1430  0.0147  0.2367  0.0033  1
 204:   0.7745  0.0098  0.0582  0.1114  0.0155  0.0226  0.0080  1
 205:   0.0192  0.0158  0.0736  0.6283  0.0086  0.2474  0.0071  1
 206:   0.0474  0.0069  0.4822  0.4245  0.0094  0.0261  0.0035  1
 207:   0.0172  0.0133  0.8509  0.0305  0.0132  0.0688  0.0060  1
 208:   0.2005  0.0069  0.0709  0.1986  0.0059  0.5121  0.0050  1
 209:   0.4442  0.0031  0.1446  0.2603  0.0483  0.0954  0.0040  1
 210:   0.2888  0.0060  0.2646  0.1021  0.0229  0.3093  0.0063  1
 211:   0.0556  0.0236  0.5439  0.1751  0.0129  0.1580  0.0309  1
 212:   0.7250  0.0115  0.0695  0.0957  0.0109  0.0833  0.0040  1
 213:   0.5161  0.0062  0.0247  0.1760  0.0205  0.2496  0.0069  1
 214:   0.0136  0.0997  0.6645  0.0580  0.0214  0.0286  0.1142  1
 215:   0.1894  0.0040  0.1762  0.5515  0.0079  0.0680  0.0030  1
 216:   0.0628  0.0070  0.6203  0.1092  0.1175  0.0784  0.0049  1
 217:   0.0563  0.0643  0.4745  0.1621  0.0050  0.2292  0.0086  1
 218:   0.0309  0.1034  0.1002  0.0775  0.0083  0.6748  0.0049  1
 219:   0.0284  0.0087  0.7162  0.1323  0.0070  0.0721  0.0354  1
 220:   0.0819  0.0080  0.4435  0.4199  0.0141  0.0307  0.0020  1
 221:   0.1378  0.0075  0.6345  0.1343  0.0201  0.0451  0.0207  1
 222:   0.0317  0.0254  0.1487  0.0988  0.0547  0.6258  0.0149  1
 223:   0.1108  0.0771  0.0778  0.0848  0.0615  0.5788  0.0090  1
 224:   0.2038  0.0050  0.1276  0.3239  0.0156  0.3211  0.0030  1
 225:   0.1169  0.0118  0.7512  0.0385  0.0112  0.0653  0.0050  1
 226:   0.2977  0.0162  0.0456  0.6132  0.0090  0.0143  0.0040  1
 227:   0.0785  0.0172  0.2316  0.4294  0.0168  0.2157  0.0108  1
 228:   0.0174  0.0069  0.4080  0.2685  0.0088  0.2724  0.0180  1
 229:   0.1777  0.0051  0.6215  0.1357  0.0049  0.0531  0.0020  1
 230:   0.1876  0.0813  0.0835  0.3099  0.0381  0.2268  0.0729  1
 231:   0.4516  0.0138  0.0983  0.2369  0.0056  0.1858  0.0080  1
 232:   0.0171  0.0053  0.0602  0.1419  0.0092  0.7632  0.0031  1
 233:   0.1715  0.0095  0.2111  0.3859  0.0817  0.1354  0.0050  1
 234:   0.0840  0.0278  0.0488  0.7814  0.0206  0.0312  0.0061  1
 235:   0.0895  0.0139  0.1717  0.3212  0.0119  0.3593  0.0326  1
 236:   0.4734  0.1464  0.2039  0.0866  0.0095  0.0612  0.0190  1
 237:   0.0159  0.0064  0.0691  0.0591  0.0075  0.8379  0.0041  1
 238:   0.0331  0.0162  0.1665  0.0734  0.0265  0.6770  0.0072  1
 239:   0.0208  0.0030  0.0851  0.1197  0.0080  0.7604  0.0030  1
 240:   0.0248  0.0570  0.1096  0.3764  0.0068  0.3513  0.0742  1
 241:   0.1967  0.0082  0.0166  0.7324  0.0127  0.0210  0.0124  1
 242:   0.5095  0.0091  0.2329  0.1508  0.0201  0.0734  0.0041  1
 243:   0.1053  0.0252  0.1988  0.4981  0.0130  0.1556  0.0040  1
 244:   0.3222  0.0335  0.4182  0.0713  0.0150  0.1357  0.0040  1
 245:   0.4052  0.1684  0.1254  0.0649  0.0123  0.2120  0.0118  1
 246:   0.0397  0.0111  0.0612  0.2309  0.0135  0.6387  0.0049  1
 247:   0.7592  0.0071  0.0630  0.0840  0.0116  0.0682  0.0070  1
 248:   0.6418  0.0200  0.1001  0.1893  0.0080  0.0378  0.0030  1
 249:   0.0317  0.0067  0.5266  0.0935  0.0079  0.3289  0.0047  1
 250:   0.1381  0.0138  0.0264  0.7541  0.0071  0.0555  0.0050  1
 251:   0.4407  0.0197  0.0589  0.1510  0.0205  0.2501  0.0591  1
 252:   0.1693  0.0155  0.6064  0.0532  0.0061  0.1465  0.0030  1
 253:   0.0382  0.0656  0.0527  0.3747  0.0101  0.4402  0.0186  1
 254:   0.0282  0.0265  0.3412  0.4328  0.0390  0.1302  0.0021  1
 255:   0.1179  0.0040  0.1413  0.4976  0.1284  0.1086  0.0022  1
 256:   0.2878  0.0041  0.0490  0.4630  0.0070  0.1851  0.0040  1
 257:   0.0556  0.0070  0.7819  0.0671  0.0173  0.0632  0.0080  1
 258:   0.1151  0.0059  0.0067  0.8483  0.0112  0.0098  0.0030  1
 259:   0.0661  0.0081  0.0648  0.7386  0.0112  0.0949  0.0164  1
 260:   0.3713  0.0325  0.1864  0.2895  0.0235  0.0879  0.0089  1
 261:   0.0828  0.0457  0.3094  0.2066  0.0199  0.3292  0.0064  1
 262:   0.0367  0.0050  0.1696  0.2455  0.0465  0.4927  0.0040  1
 263:   0.0795  0.0193  0.6768  0.1143  0.0144  0.0928  0.0030  1
 264:   0.0876  0.0069  0.4134  0.2484  0.0155  0.2251  0.0030  1
 265:   0.0117  0.0061  0.2078  0.0893  0.0090  0.6699  0.0062  1
 266:   0.1670  0.0073  0.3543  0.2168  0.0064  0.2451  0.0030  1
 267:   0.0372  0.0232  0.8660  0.0350  0.0082  0.0254  0.0050  1
 268:   0.4401  0.0090  0.1279  0.3373  0.0092  0.0735  0.0030  1
 269:   0.0456  0.0119  0.4325  0.0617  0.0110  0.3897  0.0477  1
 270:   0.0683  0.0162  0.1815  0.0831  0.0688  0.5800  0.0021  1
 271:   0.0283  0.0093  0.1172  0.4257  0.0116  0.4020  0.0059  1
 272:   0.0276  0.0458  0.1710  0.2526  0.0239  0.4633  0.0159  1
 273:   0.1070  0.0120  0.1330  0.6939  0.0071  0.0309  0.0161  1
 274:   0.0255  0.0112  0.8527  0.0517  0.0175  0.0343  0.0071  1
 275:   0.1677  0.0102  0.1417  0.2773  0.0129  0.3842  0.0060  1
 276:   0.4478  0.0060  0.3546  0.1370  0.0079  0.0417  0.0050  1
 277:   0.1722  0.0099  0.1391  0.5039  0.0050  0.1669  0.0030  1
 278:   0.0220  0.0080  0.2660  0.0708  0.0061  0.5890  0.0380  1
 279:   0.1630  0.0229  0.3175  0.0763  0.0857  0.3295  0.0051  1
 280:   0.1414  0.0081  0.0393  0.6456  0.0070  0.1513  0.0073  1
 281:   0.2714  0.0102  0.1575  0.4392  0.0115  0.0985  0.0117  1
 282:   0.5191  0.0100  0.0412  0.3507  0.0211  0.0549  0.0030  1
 283:   0.0828  0.0058  0.3613  0.3041  0.0066  0.2251  0.0143  1
 284:   0.4027  0.0070  0.0577  0.2490  0.0171  0.2635  0.0030  1
 285:   0.4188  0.0445  0.0630  0.4219  0.0234  0.0177  0.0108  1
 286:   0.1703  0.0155  0.1820  0.5258  0.0073  0.0937  0.0054  1
 287:   0.0710  0.0099  0.1021  0.7028  0.0060  0.0933  0.0149  1
 288:   0.1534  0.0109  0.2042  0.5532  0.0128  0.0615  0.0040  1
 289:   0.5264  0.0126  0.0413  0.1987  0.0148  0.2023  0.0039  1
 290:   0.2156  0.0435  0.1739  0.1778  0.1926  0.1898  0.0068  1
 291:   0.1265  0.0237  0.0404  0.7192  0.0030  0.0831  0.0041  1
 292:   0.0160  0.0061  0.0689  0.4402  0.0323  0.4306  0.0060  1
 293:   0.0288  0.0060  0.5056  0.0920  0.0091  0.3555  0.0030  1
 294:   0.7511  0.0061  0.0463  0.1036  0.0104  0.0212  0.0613  1
 295:   0.1056  0.0208  0.6059  0.0716  0.0079  0.1589  0.0292  1
 296:   0.0508  0.0123  0.1306  0.1238  0.0177  0.6627  0.0020  1
 297:   0.1901  0.0322  0.0222  0.3460  0.0315  0.3461  0.0319  1
 298:   0.0440  0.0081  0.0752  0.1492  0.0358  0.6847  0.0030  1
 299:   0.0220  0.0060  0.7673  0.1759  0.0040  0.0208  0.0040  1
 300:   0.8465  0.0132  0.0326  0.0601  0.0082  0.0347  0.0048  1
 301:   0.1398  0.0920  0.1540  0.1797  0.1330  0.2887  0.0128  1
 302:   0.4680  0.0386  0.3504  0.0327  0.0076  0.0979  0.0049  1
 303:   0.0480  0.0069  0.1412  0.3904  0.0050  0.3873  0.0213  1
 304:   0.2747  0.0149  0.2411  0.3563  0.0136  0.0915  0.0080  1
 305:   0.0865  0.0116  0.7801  0.0635  0.0153  0.0381  0.0049  1
 306:   0.1437  0.0040  0.0144  0.8078  0.0121  0.0139  0.0040  1
 307:   0.5681  0.0243  0.1409  0.1608  0.0661  0.0247  0.0151  1
 308:   0.2680  0.0086  0.2747  0.3321  0.0040  0.1096  0.0030  1
 309:   0.0337  0.0107  0.2200  0.0662  0.0136  0.6528  0.0030  1
 310:   0.3271  0.0082  0.1784  0.1089  0.0081  0.3583  0.0110  1
 311:   0.0980  0.0142  0.0171  0.2218  0.0300  0.6139  0.0050  1
 312:   0.0397  0.0206  0.3922  0.1224  0.0281  0.3891  0.0078  1
 313:   0.0774  0.0105  0.0669  0.3631  0.0329  0.4463  0.0030  1
 314:   0.0185  0.0077  0.1240  0.0746  0.0062  0.7660  0.0030  1
 315:   0.2868  0.0189  0.3538  0.2032  0.0124  0.1103  0.0146  1
 316:   0.0616  0.0084  0.7466  0.1102  0.0137  0.0555  0.0040  1
 317:   0.0476  0.0100  0.6032  0.0602  0.0059  0.2681  0.0050  1
 318:   0.0616  0.0059  0.0520  0.7832  0.0314  0.0604  0.0055  1
 319:   0.7898  0.0040  0.0743  0.0455  0.0153  0.0662  0.0049  1
 320:   0.0493  0.0120  0.7693  0.0849  0.0126  0.0395  0.0324  1
 321:   0.0246  0.0117  0.7645  0.1582  0.0114  0.0212  0.0084  1
 322:   0.2527  0.0051  0.2134  0.1084  0.0569  0.3595  0.0040  1
 323:   0.6308  0.0157  0.1271  0.1658  0.0107  0.0460  0.0039  1
 324:   0.2114  0.0102  0.0142  0.7342  0.0071  0.0179  0.0050  1
 325:   0.0821  0.0116  0.1064  0.7465  0.0133  0.0256  0.0145  1
 326:   0.7772  0.0081  0.0228  0.1617  0.0040  0.0242  0.0020  1
 327:   0.0523  0.0062  0.8231  0.0462  0.0079  0.0535  0.0108  1
 328:   0.0322  0.1251  0.5597  0.0934  0.0108  0.1726  0.0063  1
 329:   0.4184  0.0130  0.0954  0.1062  0.0066  0.3546  0.0059  1
 330:   0.0444  0.0378  0.1906  0.3606  0.0086  0.3521  0.0059  1
 331:   0.0326  0.0061  0.0810  0.6628  0.0045  0.2096  0.0034  1
 332:   0.0668  0.0209  0.1047  0.2053  0.1326  0.4600  0.0098  1
 333:   0.0404  0.0041  0.0553  0.2005  0.0269  0.6697  0.0030  1
 334:   0.1702  0.0412  0.0396  0.2934  0.0737  0.3460  0.0360  1
 335:   0.2468  0.0134  0.0658  0.5868  0.0092  0.0242  0.0538  1
 336:   0.0379  0.0041  0.3456  0.0996  0.0060  0.5047  0.0020  1
 337:   0.0593  0.0063  0.0540  0.1220  0.0047  0.7497  0.0040  1
 338:   0.2740  0.0069  0.0362  0.4590  0.0163  0.1996  0.0080  1
 339:   0.3330  0.0209  0.1840  0.2512  0.0531  0.1548  0.0030  1
 340:   0.0152  0.0040  0.0857  0.2252  0.0169  0.6333  0.0197  1
 341:   0.2400  0.0073  0.1896  0.4475  0.0064  0.1053  0.0040  1
 342:   0.8177  0.0071  0.0180  0.1209  0.0224  0.0088  0.0050  1
 343:   0.4087  0.0165  0.0527  0.3995  0.0059  0.1138  0.0030  1
 344:   0.0103  0.0050  0.8003  0.1215  0.0059  0.0530  0.0040  1
 345:   0.0091  0.0081  0.4504  0.1656  0.0080  0.3559  0.0029  1
 346:   0.0690  0.0121  0.7148  0.0985  0.0109  0.0907  0.0040  1
 347:   0.0878  0.0156  0.6567  0.1053  0.0095  0.1181  0.0070  1
 348:   0.0159  0.0115  0.8196  0.0897  0.0134  0.0359  0.0140  1
 349:   0.1384  0.0060  0.1291  0.2440  0.0706  0.4069  0.0050  1
 350:   0.0418  0.0040  0.5150  0.1776  0.0111  0.2473  0.0032  1
 351:   0.9149  0.0054  0.0210  0.0334  0.0048  0.0156  0.0049  1
 352:   0.1387  0.0893  0.3026  0.1707  0.0318  0.2198  0.0472  1
 353:   0.2739  0.0141  0.4288  0.1163  0.0090  0.1520  0.0060  1
 354:   0.0299  0.0072  0.8235  0.0818  0.0081  0.0413  0.0081  1
 355:   0.0246  0.0374  0.3804  0.1571  0.0130  0.3747  0.0128  1
 356:   0.1343  0.0050  0.1026  0.5546  0.0143  0.1521  0.0372  1
 357:   0.1608  0.0356  0.4625  0.1107  0.0445  0.1811  0.0049  1
 358:   0.0255  0.0049  0.1698  0.1000  0.0110  0.6827  0.0061  1
 359:   0.0214  0.0271  0.7479  0.0694  0.0169  0.0564  0.0609  1
 360:   0.0221  0.0425  0.0654  0.0595  0.0556  0.7456  0.0094  1
 361:   0.2716  0.0127  0.1859  0.2313  0.0140  0.2755  0.0089  1
 362:   0.2633  0.1456  0.3107  0.1944  0.0076  0.0764  0.0020  1
 363:   0.1979  0.0891  0.0809  0.2308  0.0137  0.3716  0.0160  1
 364:   0.2683  0.0207  0.4739  0.1107  0.0064  0.1106  0.0093  1
 365:   0.7825  0.0140  0.0272  0.1132  0.0238  0.0225  0.0168  1
 366:   0.0473  0.0169  0.1310  0.1345  0.0136  0.6280  0.0288  1
 367:   0.1023  0.0066  0.0099  0.8504  0.0061  0.0181  0.0066  1
 368:   0.0071  0.0031  0.8543  0.0721  0.0044  0.0550  0.0040  1
 369:   0.0359  0.0089  0.1723  0.1293  0.0040  0.6466  0.0030  1
 370:   0.1410  0.0038  0.0578  0.6471  0.0067  0.1406  0.0030  1
 371:   0.4236  0.0137  0.1006  0.0505  0.0248  0.3826  0.0041  1
 372:   0.7659  0.0060  0.0150  0.1279  0.0047  0.0734  0.0071  1
 373:   0.0713  0.0116  0.6302  0.1247  0.0079  0.1493  0.0050  1
 374:   0.1125  0.0110  0.6712  0.1158  0.0141  0.0674  0.0080  1
 375:   0.0183  0.0473  0.5753  0.1728  0.0063  0.1750  0.0050  1
 376:   0.2181  0.0070  0.0305  0.6662  0.0050  0.0642  0.0090  1
 377:   0.1432  0.0126  0.2762  0.0851  0.0202  0.4546  0.0080  1
 378:   0.1327  0.0193  0.1409  0.3582  0.0140  0.3299  0.0050  1
 379:   0.0392  0.0400  0.8051  0.0300  0.0255  0.0495  0.0108  1
 380:   0.3993  0.0181  0.1042  0.1768  0.0104  0.2852  0.0060  1
 381:   0.3271  0.1561  0.0463  0.2431  0.0100  0.2133  0.0040  1
 382:   0.0483  0.0040  0.0737  0.1887  0.0363  0.5861  0.0630  1
 383:   0.1419  0.0040  0.1414  0.2808  0.0338  0.3931  0.0050  1
 384:   0.1322  0.0109  0.0979  0.2400  0.0229  0.4911  0.0050  1
 385:   0.1196  0.0071  0.0203  0.0991  0.0155  0.7344  0.0040  1
 386:   0.8289  0.0041  0.0203  0.0676  0.0080  0.0476  0.0236  1
 387:   0.2746  0.0050  0.0401  0.0888  0.0551  0.5029  0.0335  1
 388:   0.1041  0.0247  0.0535  0.3620  0.0326  0.4176  0.0055  1
 389:   0.0875  0.0193  0.0673  0.6549  0.0240  0.1185  0.0285  1
 390:   0.2123  0.0195  0.5099  0.0638  0.0116  0.1810  0.0020  1
 391:   0.2398  0.0392  0.0230  0.4783  0.0070  0.2087  0.0040  1
 392:   0.5176  0.0081  0.1028  0.3231  0.0117  0.0326  0.0040  1
 393:   0.6418  0.0122  0.0357  0.1510  0.0164  0.1390  0.0039  1
 394:   0.0432  0.0218  0.2384  0.1778  0.0781  0.4317  0.0090  1
 395:   0.1717  0.0260  0.0117  0.6918  0.0376  0.0350  0.0262  1
 396:   0.1020  0.0620  0.0120  0.7597  0.0118  0.0310  0.0215  1
 397:   0.0153  0.0122  0.1075  0.7656  0.0061  0.0884  0.0050  1
 398:   0.2081  0.0043  0.7034  0.0527  0.0074  0.0200  0.0041  1
 399:   0.3960  0.0059  0.0313  0.3543  0.0072  0.2032  0.0020  1
 400:   0.0393  0.0133  0.7176  0.1960  0.0053  0.0265  0.0020  1
 401:   0.2662  0.0127  0.2813  0.3100  0.0071  0.1065  0.0163  1
 402:   0.0621  0.0500  0.7537  0.0267  0.0279  0.0664  0.0132  1
 403:   0.3674  0.0136  0.1834  0.0576  0.0111  0.3629  0.0040  1
 404:   0.0623  0.0073  0.0651  0.2033  0.0032  0.6567  0.0020  1
 405:   0.1079  0.0041  0.7714  0.0565  0.0041  0.0541  0.0020  1
 406:   0.0487  0.0279  0.5854  0.2030  0.0098  0.0925  0.0326  1
 407:   0.6631  0.0070  0.0522  0.2438  0.0121  0.0153  0.0065  1
 408:   0.1346  0.0288  0.6607  0.0541  0.0088  0.0974  0.0156  1
 409:   0.2296  0.0836  0.0519  0.3007  0.0040  0.3231  0.0071  1
 410:   0.6717  0.0188  0.2049  0.0582  0.0040  0.0376  0.0049  1
 411:   0.0432  0.0051  0.6394  0.1129  0.0228  0.1725  0.0040  1
 412:   0.0250  0.0199  0.2055  0.1906  0.4355  0.1057  0.0177  1
 413:   0.0254  0.0049  0.2074  0.1336  0.0060  0.6167  0.0060  1
 414:   0.1012  0.0050  0.2384  0.2009  0.0228  0.4160  0.0157  1
 415:   0.1832  0.0059  0.1264  0.6059  0.0070  0.0595  0.0120  1
 416:   0.1128  0.0145  0.0288  0.7987  0.0050  0.0340  0.0062  1
 417:   0.1697  0.0175  0.0745  0.0886  0.0167  0.6240  0.0089  1
 418:   0.0894  0.0050  0.0888  0.1665  0.0050  0.6433  0.0020  1
 419:   0.3319  0.0101  0.3945  0.1789  0.0176  0.0610  0.0060  1
 420:   0.5423  0.0077  0.0480  0.1357  0.0122  0.2466  0.0075  1
 421:   0.2893  0.0059  0.0752  0.4707  0.0100  0.1429  0.0060  1
 422:   0.2846  0.0049  0.0268  0.6506  0.0062  0.0202  0.0067  1
 423:   0.1443  0.0056  0.0577  0.1937  0.0101  0.5855  0.0031  1
 424:   0.0484  0.0060  0.0923  0.6971  0.0103  0.1365  0.0093  1
 425:   0.5368  0.0143  0.0463  0.0956  0.0273  0.2746  0.0050  1
 426:   0.6816  0.0425  0.0881  0.0853  0.0434  0.0540  0.0051  1
 427:   0.1034  0.0089  0.1565  0.4615  0.0880  0.1745  0.0071  1
 428:   0.0910  0.0230  0.3949  0.2664  0.0060  0.2137  0.0050  1
 429:   0.0923  0.0354  0.3377  0.1424  0.2300  0.1511  0.0110  1
 430:   0.3849  0.0308  0.0175  0.1484  0.0361  0.3764  0.0060  1
 431:   0.1298  0.0585  0.7163  0.0478  0.0103  0.0334  0.0040  1
 432:   0.1013  0.0212  0.1068  0.6170  0.0137  0.1062  0.0339  1
 433:   0.1023  0.0080  0.1790  0.5344  0.0099  0.1596  0.0069  1
 434:   0.2434  0.0118  0.1059  0.4312  0.0085  0.1971  0.0020  1
 435:   0.2418  0.0434  0.3010  0.2215  0.0415  0.1421  0.0087  1
 436:   0.1942  0.0638  0.2744  0.1281  0.0123  0.3118  0.0154  1
 437:   0.2046  0.0040  0.2532  0.4113  0.0239  0.1000  0.0030  1
 438:   0.1150  0.0168  0.0473  0.2280  0.0257  0.5592  0.0080  1
 439:   0.1263  0.0203  0.1129  0.6140  0.0101  0.1123  0.0040  1
 440:   0.2754  0.0238  0.1392  0.2766  0.0080  0.2690  0.0080  1
 441:   0.4606  0.0509  0.1744  0.2498  0.0061  0.0478  0.0104  1
 442:   0.0598  0.0054  0.0414  0.8031  0.0040  0.0833  0.0030  1
 443:   0.0565  0.0453  0.3533  0.0889  0.2251  0.1818  0.0490  1
 444:   0.1275  0.0080  0.0228  0.1051  0.0168  0.7167  0.0030  1
 445:   0.0231  0.0072  0.2655  0.0962  0.0079  0.5961  0.0040  1
 446:   0.1363  0.0254  0.2749  0.5162  0.0060  0.0382  0.0030  1
 447:   0.0150  0.0041  0.8768  0.0693  0.0040  0.0254  0.0054  1
 448:   0.0778  0.0359  0.6057  0.1118  0.0058  0.1580  0.0050  1
 449:   0.0762  0.0198  0.5961  0.0951  0.0030  0.2015  0.0084  1
 450:   0.1205  0.1020  0.4586  0.0847  0.0162  0.2051  0.0128  1
 451:   0.3727  0.0934  0.2687  0.0954  0.0120  0.1528  0.0049  1
 452:   0.4972  0.0060  0.0949  0.0782  0.1589  0.1584  0.0064  1
 453:   0.2818  0.0246  0.1632  0.1473  0.0040  0.3752  0.0040  1
 454:   0.0587  0.0070  0.0819  0.2698  0.0050  0.5707  0.0069  1
 455:   0.2658  0.0030  0.0286  0.0979  0.0122  0.5895  0.0030  1
 456:   0.1449  0.0558  0.0348  0.6682  0.0057  0.0873  0.0033  1
 457:   0.0580  0.0194  0.4651  0.0988  0.0120  0.3427  0.0040  1
 458:   0.0943  0.0138  0.6816  0.1138  0.0050  0.0862  0.0053  1
 459:   0.0919  0.0091  0.3969  0.1636  0.0115  0.3223  0.0048  1
 460:   0.2005  0.0153  0.5092  0.2152  0.0041  0.0494  0.0062  1
 461:   0.5952  0.0103  0.0501  0.0760  0.0050  0.2515  0.0119  1
 462:   0.2032  0.0050  0.2055  0.5119  0.0305  0.0349  0.0090  1
 463:   0.0558  0.0397  0.6463  0.0804  0.0082  0.1547  0.0149  1
 464:   0.0986  0.0050  0.1411  0.5630  0.0611  0.1079  0.0233  1
 465:   0.0824  0.0074  0.0393  0.8264  0.0050  0.0326  0.0070  1
 466:   0.0150  0.0060  0.0213  0.1019  0.0303  0.7969  0.0286  1
 467:   0.1852  0.0066  0.2130  0.5107  0.0060  0.0646  0.0139  1
 468:   0.0870  0.0110  0.1545  0.0358  0.6873  0.0205  0.0040  1
 469:   0.3722  0.0040  0.3495  0.2216  0.0110  0.0387  0.0030  1
 470:   0.5407  0.0408  0.2142  0.0913  0.0518  0.0536  0.0077  1
 471:   0.0496  0.0983  0.4197  0.0983  0.0069  0.3232  0.0040  1
 472:   0.0375  0.0062  0.1253  0.1278  0.0070  0.6932  0.0030  1
 473:   0.0492  0.0468  0.4472  0.2205  0.1618  0.0696  0.0049  1
 474:   0.1234  0.0109  0.1257  0.7043  0.0101  0.0226  0.0030  1
 475:   0.1235  0.3471  0.3660  0.0403  0.0215  0.0987  0.0030  1
 476:   0.1334  0.0175  0.3653  0.1314  0.1097  0.2381  0.0045  1
 477:   0.0835  0.0073  0.0379  0.8264  0.0050  0.0329  0.0070  1
 478:   0.7895  0.0081  0.0479  0.0775  0.0095  0.0600  0.0074  1
 479:   0.1138  0.0145  0.6871  0.0912  0.0193  0.0555  0.0185  1
 480:   0.0252  0.0089  0.0187  0.1051  0.0049  0.8298  0.0074  1
 481:   0.1553  0.0117  0.0867  0.7005  0.0117  0.0312  0.0030  1
 482:   0.1214  0.0122  0.6185  0.0569  0.1386  0.0484  0.0040  1
 483:   0.3000  0.0606  0.4416  0.0661  0.0061  0.1217  0.0040  1
 484:   0.0864  0.0161  0.2848  0.1066  0.0150  0.4853  0.0059  1
 485:   0.0564  0.0051  0.3591  0.4433  0.0091  0.1230  0.0040  1
 486:   0.3262  0.0102  0.1303  0.2386  0.0624  0.2173  0.0150  1
 487:   0.1159  0.0050  0.0973  0.4253  0.0225  0.3300  0.0040  1
 488:   0.0516  0.0373  0.1135  0.7557  0.0093  0.0286  0.0040  1
 489:   0.2313  0.0109  0.0471  0.3432  0.0199  0.3391  0.0085  1
 490:   0.0908  0.0143  0.5271  0.0578  0.0070  0.2991  0.0040  1
 491:   0.1806  0.0038  0.6650  0.0880  0.0050  0.0556  0.0020  1
 492:   0.0567  0.0157  0.3131  0.4807  0.0030  0.1227  0.0081  1
 493:   0.0097  0.0041  0.8905  0.0666  0.0040  0.0221  0.0030  1
 494:   0.5343  0.0063  0.0381  0.3066  0.0090  0.1025  0.0031  1
 495:   0.0134  0.0098  0.6724  0.2426  0.0080  0.0508  0.0030  1
 496:   0.0288  0.0050  0.7520  0.0952  0.0050  0.1070  0.0069  1
 497:   0.2548  0.0802  0.0225  0.5515  0.0226  0.0480  0.0204  1
 498:   0.0472  0.0090  0.0666  0.3297  0.0101  0.5354  0.0020  1
 499:   0.0273  0.0066  0.8560  0.0646  0.0150  0.0244  0.0061  1
 500:   0.0559  0.0115  0.0505  0.8374  0.0211  0.0205  0.0031  1
 501:   0.8682  0.0053  0.0096  0.0719  0.0075  0.0344  0.0030  1
 502:   0.9157  0.0109  0.0265  0.0266  0.0079  0.0094  0.0030  1
 503:   0.4321  0.0069  0.1345  0.1922  0.1494  0.0809  0.0040  1
 504:   0.0507  0.0048  0.1928  0.3169  0.0080  0.4217  0.0050  1
 505:   0.2500  0.0110  0.0913  0.6062  0.0040  0.0336  0.0040  1
 506:   0.3239  0.0421  0.3758  0.1157  0.0228  0.1098  0.0100  1
 507:   0.3137  0.0138  0.0756  0.5401  0.0078  0.0460  0.0030  1
 508:   0.2225  0.0926  0.3778  0.0582  0.0358  0.0510  0.1620  1
 509:   0.9123  0.0063  0.0278  0.0232  0.0060  0.0214  0.0030  1
 510:   0.0127  0.0184  0.0532  0.1869  0.0109  0.7129  0.0050  1
 511:   0.0703  0.0358  0.0728  0.6748  0.0101  0.1202  0.0160  1
 512:   0.2342  0.0140  0.3085  0.2802  0.0091  0.1418  0.0121  1
 513:   0.3593  0.0098  0.3831  0.1645  0.0109  0.0664  0.0060  1
 514:   0.7810  0.0069  0.0531  0.0879  0.0263  0.0230  0.0219  1
 515:   0.0956  0.0145  0.6565  0.1156  0.0090  0.0980  0.0108  1
 516:   0.1068  0.0069  0.4389  0.1553  0.0078  0.2743  0.0100  1
 517:   0.8683  0.0076  0.0388  0.0469  0.0084  0.0279  0.0020  1
 518:   0.0112  0.0186  0.0476  0.0785  0.0041  0.8360  0.0040  1
 519:   0.1210  0.0040  0.7501  0.0674  0.0030  0.0510  0.0035  1
 520:   0.5243  0.0271  0.0290  0.3278  0.0151  0.0471  0.0296  1
 521:   0.0177  0.0071  0.3864  0.2028  0.0104  0.3726  0.0030  1
 522:   0.1812  0.0258  0.6142  0.0793  0.0051  0.0853  0.0091  1
 523:   0.2006  0.0078  0.1789  0.5547  0.0162  0.0388  0.0030  1
 524:   0.0511  0.0091  0.0601  0.7182  0.0195  0.1390  0.0030  1
 525:   0.0337  0.0050  0.1455  0.1121  0.0091  0.6906  0.0040  1
 526:   0.0401  0.0040  0.0563  0.0790  0.0115  0.8061  0.0030  1
 527:   0.0469  0.0121  0.8585  0.0591  0.0041  0.0140  0.0053  1
 528:   0.0097  0.0060  0.2117  0.0545  0.0052  0.7030  0.0099  1
 529:   0.2152  0.0197  0.5214  0.1579  0.0148  0.0610  0.0100  1
 530:   0.0709  0.0071  0.0391  0.8248  0.0062  0.0218  0.0301  1
 531:   0.1479  0.0184  0.1114  0.5925  0.0090  0.1086  0.0123  1
 532:   0.0797  0.0056  0.3786  0.3821  0.0030  0.1484  0.0025  1
 533:   0.4044  0.0215  0.2841  0.1645  0.0079  0.1119  0.0058  1
 534:   0.5092  0.0257  0.0428  0.2932  0.0128  0.0809  0.0355  1
 535:   0.0191  0.0103  0.1338  0.5573  0.0732  0.1899  0.0164  1
 536:   0.0096  0.0060  0.2122  0.0543  0.0052  0.7028  0.0099  1
 537:   0.1821  0.0060  0.0504  0.6824  0.0050  0.0710  0.0030  1
 538:   0.1796  0.0060  0.1622  0.5378  0.0322  0.0801  0.0020  1
 539:   0.4703  0.0076  0.3352  0.0341  0.0061  0.1413  0.0054  1
 540:   0.7396  0.0230  0.0400  0.1513  0.0160  0.0253  0.0048  1
 541:   0.0829  0.0409  0.0459  0.5435  0.1605  0.1115  0.0147  1
 542:   0.2997  0.0173  0.2367  0.1255  0.0169  0.2843  0.0197  1
 543:   0.3560  0.0071  0.1534  0.2613  0.0625  0.1465  0.0131  1
 544:   0.4434  0.0109  0.2949  0.2226  0.0040  0.0222  0.0020  1
 545:   0.0110  0.0050  0.7159  0.1544  0.0060  0.1037  0.0040  1
 546:   0.1334  0.0060  0.7301  0.0767  0.0189  0.0309  0.0040  1
 547:   0.0807  0.0152  0.3854  0.0797  0.0075  0.4277  0.0039  1
 548:   0.1602  0.0070  0.0725  0.1809  0.1197  0.4567  0.0030  1
 549:   0.3576  0.0059  0.4078  0.1047  0.0227  0.0982  0.0030  1
 550:   0.0340  0.0098  0.3460  0.1138  0.0060  0.4864  0.0040  1
 551:   0.0299  0.0504  0.0659  0.0926  0.0061  0.7510  0.0041  1
 552:   0.8863  0.0085  0.0169  0.0309  0.0231  0.0303  0.0040  1
 553:   0.1611  0.0204  0.3733  0.1971  0.1725  0.0717  0.0038  1
 554:   0.0180  0.0053  0.8779  0.0684  0.0056  0.0217  0.0031  1
 555:   0.0365  0.0040  0.0925  0.2226  0.0230  0.6184  0.0030  1
 556:   0.0836  0.0101  0.5883  0.1371  0.0067  0.1671  0.0071  1
 557:   0.0490  0.0153  0.6973  0.1228  0.0040  0.1056  0.0060  1
 558:   0.0402  0.0348  0.1918  0.1851  0.0050  0.5383  0.0049  1
 559:   0.0724  0.0062  0.5020  0.1798  0.0099  0.1756  0.0541  1
 560:   0.0692  0.0152  0.0726  0.4723  0.0079  0.3560  0.0068  1
 561:   0.0551  0.0081  0.4846  0.3379  0.0050  0.1053  0.0040  1
 562:   0.0308  0.0188  0.3789  0.2822  0.0733  0.2073  0.0088  1
 563:   0.0836  0.0060  0.0770  0.7851  0.0052  0.0401  0.0030  1
 564:   0.8503  0.0061  0.0203  0.0924  0.0180  0.0109  0.0020  1
 565:   0.7057  0.0085  0.0371  0.1011  0.0679  0.0757  0.0040  1
 566:   0.1244  0.0330  0.1857  0.6028  0.0099  0.0342  0.0101  1
 567:   0.0148  0.0050  0.6740  0.1710  0.0050  0.1272  0.0030  1
 568:   0.0598  0.0110  0.0487  0.3790  0.0077  0.4877  0.0061  1
 569:   0.0213  0.0128  0.1777  0.1569  0.0058  0.6199  0.0056  1
 570:   0.3454  0.0071  0.0596  0.2791  0.0168  0.2880  0.0040  1
 571:   0.0425  0.0072  0.1200  0.4020  0.0079  0.4184  0.0020  1
 572:   0.0477  0.0080  0.4451  0.2327  0.0154  0.2441  0.0070  1
 573:   0.2906  0.0142  0.4284  0.1023  0.0055  0.1551  0.0039  1
 574:   0.8690  0.0061  0.0302  0.0314  0.0318  0.0295  0.0020  1
 575:   0.1150  0.0031  0.0407  0.7222  0.0994  0.0093  0.0102  1
 576:   0.7659  0.0191  0.0642  0.0983  0.0082  0.0355  0.0087  1
 577:   0.1586  0.1082  0.4237  0.0774  0.0080  0.2014  0.0226  1
 578:   0.3417  0.0102  0.0231  0.5664  0.0099  0.0446  0.0040  1
 579:   0.0101  0.0043  0.0352  0.0931  0.0041  0.8512  0.0020  1
 580:   0.1710  0.0178  0.0457  0.4516  0.0129  0.2950  0.0060  1
 581:   0.0398  0.0043  0.5811  0.2281  0.0142  0.1295  0.0030  1
 582:   0.0575  0.0030  0.0252  0.8570  0.0402  0.0140  0.0032  1
 583:   0.0283  0.0056  0.8200  0.0517  0.0031  0.0883  0.0030  1
 584:   0.4218  0.0066  0.1295  0.1200  0.0101  0.3100  0.0020  1
 585:   0.0298  0.0090  0.6789  0.2067  0.0043  0.0672  0.0040  1
 586:   0.1551  0.0165  0.1639  0.1795  0.0117  0.4694  0.0039  1
 587:   0.0320  0.0050  0.0396  0.1308  0.0110  0.7767  0.0050  1
 588:   0.6922  0.0081  0.1517  0.0947  0.0132  0.0351  0.0050  1
 589:   0.3412  0.0112  0.1215  0.0840  0.0092  0.4299  0.0030  1
 590:   0.0462  0.0276  0.7880  0.1056  0.0060  0.0208  0.0058  1
 591:   0.6656  0.0096  0.1168  0.1319  0.0217  0.0484  0.0060  1
 592:   0.0203  0.0812  0.1215  0.3431  0.0113  0.4138  0.0088  1
 593:   0.0320  0.0085  0.3514  0.5448  0.0040  0.0507  0.0086  1
 594:   0.2651  0.0094  0.3445  0.2002  0.0060  0.1708  0.0040  1
 595:   0.0480  0.0066  0.0830  0.8005  0.0072  0.0428  0.0119  1
 596:   0.1386  0.0051  0.1536  0.4922  0.0432  0.1619  0.0054  1
 597:   0.0494  0.0040  0.0381  0.6885  0.0244  0.1889  0.0067  1
 598:   0.2167  0.0064  0.0663  0.4665  0.0123  0.2258  0.0060  1
 599:   0.0297  0.0173  0.0430  0.0911  0.0096  0.8063  0.0030  1
 600:   0.1407  0.0061  0.1588  0.0825  0.0121  0.5917  0.0080  1
 601:   0.2460  0.0044  0.0263  0.6669  0.0108  0.0415  0.0041  1
 602:   0.0474  0.0113  0.8079  0.0691  0.0113  0.0481  0.0049  1
 603:   0.2015  0.0071  0.6435  0.0582  0.0041  0.0810  0.0046  1
 604:   0.3995  0.0080  0.1468  0.3450  0.0090  0.0601  0.0316  1
 605:   0.2189  0.0030  0.0543  0.6278  0.0284  0.0591  0.0085  1
 606:   0.0443  0.0081  0.7943  0.1034  0.0088  0.0329  0.0081  1
