   1:   0.0030  0.9366  0.0103  0.0070  0.0050  0.0115  0.0124  0.0051  0.0091  1
   2:   0.0207  0.8335  0.0143  0.0294  0.0090  0.0231  0.0209  0.0211  0.0279  1
   3:   0.0059  0.9054  0.0137  0.0185  0.0088  0.0110  0.0155  0.0120  0.0092  1
   4:   0.0351  0.7957  0.0287  0.0176  0.0358  0.0291  0.0167  0.0161  0.0251  1
   5:   0.0030  0.9437  0.0080  0.0059  0.0119  0.0076  0.0059  0.0071  0.0069  1
   6:   0.0050  0.8837  0.0139  0.0163  0.0215  0.0109  0.0103  0.0250  0.0134  1
   7:   0.0164  0.8336  0.0107  0.0093  0.0721  0.0160  0.0096  0.0139  0.0184  1
   8:   0.0030  0.9493  0.0050  0.0064  0.0050  0.0082  0.0071  0.0078  0.0082  1
   9:   0.0427  0.7525  0.0081  0.0242  0.0061  0.0287  0.0298  0.0692  0.0386  1
  10:   0.0062  0.8808  0.0235  0.0107  0.0140  0.0137  0.0069  0.0297  0.0145  1
  11:   0.0108  0.9361  0.0060  0.0055  0.0080  0.0101  0.0077  0.0070  0.0088  1
  12:   0.0348  0.7848  0.0598  0.0343  0.0040  0.0246  0.0213  0.0214  0.0150  1
  13:   0.0080  0.7389  0.0263  0.0404  0.0291  0.0485  0.0242  0.0280  0.0566  1
  14:   0.0117  0.9343  0.0068  0.0079  0.0041  0.0103  0.0080  0.0071  0.0098  1
  15:   0.0068  0.3235  0.0233  0.0225  0.1582  0.0589  0.2126  0.1292  0.0651  1
  16:   0.0030  0.6710  0.0846  0.0750  0.0050  0.0549  0.0353  0.0354  0.0359  1
  17:   0.1100  0.6707  0.0277  0.0572  0.0147  0.0459  0.0157  0.0188  0.0392  1
  18:   0.0040  0.9689  0.0040  0.0040  0.0060  0.0039  0.0030  0.0030  0.0032  1
  19:   0.0085  0.9492  0.0080  0.0065  0.0063  0.0057  0.0051  0.0040  0.0067  1
  20:   0.0040  0.4568  0.3993  0.0174  0.0102  0.0368  0.0186  0.0258  0.0311  1
  21:   0.0060  0.8426  0.0125  0.0212  0.0081  0.0537  0.0135  0.0175  0.0249  1
  22:   0.0040  0.6102  0.0251  0.0235  0.0085  0.1557  0.0880  0.0242  0.0608  1
  23:   0.0222  0.9217  0.0060  0.0089  0.0070  0.0074  0.0088  0.0114  0.0066  1
  24:   0.0040  0.9502  0.0071  0.0060  0.0030  0.0063  0.0104  0.0060  0.0070  1
  25:   0.0030  0.9098  0.0188  0.0182  0.0030  0.0133  0.0070  0.0086  0.0183  1
  26:   0.0030  0.0285  0.0564  0.0168  0.0169  0.0294  0.1314  0.6819  0.0357  1
  27:   0.1266  0.8430  0.0037  0.0040  0.0072  0.0040  0.0040  0.0032  0.0043  1
  28:   0.0030  0.0040  0.0499  0.0299  0.3750  0.0940  0.0973  0.1563  0.1905  1
  29:   0.0758  0.5044  0.0322  0.0879  0.0050  0.1684  0.0225  0.0423  0.0615  1
  30:   0.0069  0.5569  0.0435  0.0480  0.0050  0.0848  0.0466  0.1595  0.0489  1
  31:   0.0159  0.1616  0.2248  0.1984  0.0383  0.0758  0.0314  0.1877  0.0661  1
  32:   0.0100  0.9309  0.0099  0.0072  0.0059  0.0113  0.0095  0.0071  0.0082  1
  33:   0.0133  0.9220  0.0237  0.0054  0.0080  0.0050  0.0064  0.0106  0.0056  1
  34:   0.0279  0.7871  0.0079  0.0191  0.0772  0.0307  0.0154  0.0127  0.0220  1
  35:   0.0715  0.2745  0.0343  0.4389  0.0111  0.0354  0.0330  0.0407  0.0607  1
  36:   0.0040  0.8352  0.0100  0.0405  0.0051  0.0295  0.0206  0.0224  0.0327  1
  37:   0.0059  0.6580  0.0424  0.0256  0.1570  0.0244  0.0397  0.0185  0.0285  1
  38:   0.0050  0.9655  0.0051  0.0040  0.0040  0.0038  0.0050  0.0036  0.0040  1
  39:   0.0070  0.1037  0.0181  0.4014  0.0067  0.0876  0.0759  0.1066  0.1931  1
  40:   0.0060  0.0473  0.0946  0.0522  0.0060  0.3577  0.1598  0.1375  0.1389  1
  41:   0.0030  0.8923  0.0079  0.0069  0.0541  0.0083  0.0087  0.0066  0.0122  1
  42:   0.0090  0.7466  0.0440  0.0250  0.0272  0.0533  0.0413  0.0170  0.0365  1
  43:   0.0020  0.8081  0.0151  0.0198  0.0051  0.0235  0.0488  0.0423  0.0353  1
  44:   0.0097  0.9303  0.0070  0.0071  0.0152  0.0090  0.0060  0.0070  0.0087  1
  45:   0.0176  0.9305  0.0069  0.0062  0.0100  0.0073  0.0072  0.0069  0.0074  1
  46:   0.0070  0.8908  0.0131  0.0206  0.0073  0.0112  0.0210  0.0138  0.0152  1
  47:   0.0124  0.5662  0.0125  0.0629  0.0081  0.0888  0.0180  0.1053  0.1258  1
  48:   0.0040  0.7743  0.0238  0.0278  0.0090  0.0454  0.0224  0.0642  0.0290  1
  49:   0.0070  0.9107  0.0087  0.0153  0.0080  0.0127  0.0131  0.0109  0.0137  1
  50:   0.0422  0.0110  0.1123  0.1895  0.0414  0.1285  0.3696  0.0176  0.0879  1
  51:   0.0172  0.1201  0.0308  0.1774  0.0130  0.1609  0.0813  0.0626  0.3367  1
  52:   0.0095  0.4662  0.0872  0.1946  0.0071  0.1196  0.0215  0.0486  0.0457  1
  53:   0.0030  0.7766  0.0270  0.0212  0.0185  0.0316  0.0261  0.0270  0.0690  1
  54:   0.0060  0.9261  0.0049  0.0080  0.0120  0.0105  0.0143  0.0065  0.0117  1
  55:   0.0240  0.9378  0.0050  0.0049  0.0102  0.0040  0.0051  0.0040  0.0050  1
  56:   0.0030  0.9378  0.0077  0.0061  0.0139  0.0072  0.0091  0.0062  0.0090  1
  57:   0.0090  0.9658  0.0030  0.0030  0.0074  0.0029  0.0030  0.0030  0.0029  1
  58:   0.0030  0.8863  0.0173  0.0292  0.0050  0.0152  0.0123  0.0191  0.0126  1
  59:   0.0104  0.9130  0.0120  0.0100  0.0159  0.0104  0.0073  0.0081  0.0129  1
  60:   0.0100  0.6943  0.0132  0.0326  0.0219  0.0436  0.0286  0.0697  0.0861  1
  61:   0.0120  0.7870  0.0170  0.0186  0.0203  0.0624  0.0212  0.0263  0.0352  1
  62:   0.0030  0.9445  0.0144  0.0059  0.0030  0.0060  0.0063  0.0099  0.0070  1
  63:   0.0040  0.7294  0.0216  0.0140  0.0219  0.0190  0.1367  0.0267  0.0268  1
  64:   0.0060  0.5392  0.1459  0.0211  0.0087  0.0605  0.0571  0.1181  0.0433  1
  65:   0.0637  0.2817  0.3547  0.0750  0.0179  0.0339  0.0833  0.0524  0.0375  1
  66:   0.0063  0.1121  0.0590  0.0958  0.0684  0.2878  0.1483  0.0945  0.1277  1
  67:   0.0116  0.8325  0.0138  0.0161  0.0089  0.0340  0.0115  0.0457  0.0260  1
  68:   0.0050  0.8991  0.0064  0.0132  0.0091  0.0229  0.0139  0.0171  0.0133  1
  69:   0.0252  0.2649  0.2641  0.0236  0.0175  0.2579  0.0528  0.0318  0.0623  1
  70:   0.0070  0.9608  0.0041  0.0057  0.0030  0.0045  0.0050  0.0052  0.0047  1
  71:   0.0100  0.9213  0.0086  0.0162  0.0060  0.0078  0.0103  0.0090  0.0108  1
  72:   0.0020  0.9755  0.0030  0.0030  0.0020  0.0040  0.0040  0.0030  0.0035  1
  73:   0.0061  0.5722  0.0229  0.0515  0.0040  0.1290  0.0316  0.0697  0.1128  1
  74:   0.0030  0.8968  0.0060  0.0145  0.0155  0.0132  0.0183  0.0163  0.0164  1
  75:   0.0040  0.9608  0.0040  0.0065  0.0070  0.0045  0.0030  0.0049  0.0053  1
  76:   0.0139  0.3535  0.0965  0.0348  0.0069  0.2284  0.0173  0.1316  0.1171  1
  77:   0.0136  0.7920  0.0485  0.0214  0.0061  0.0252  0.0427  0.0300  0.0205  1
  78:   0.0369  0.7838  0.0922  0.0083  0.0176  0.0218  0.0056  0.0187  0.0151  1
  79:   0.0132  0.9292  0.0040  0.0095  0.0228  0.0049  0.0032  0.0067  0.0065  1
  80:   0.0066  0.8975  0.0173  0.0110  0.0070  0.0224  0.0139  0.0107  0.0136  1
  81:   0.0090  0.3825  0.2042  0.0769  0.1276  0.0581  0.0479  0.0392  0.0547  1
  82:   0.0020  0.9697  0.0040  0.0033  0.0049  0.0040  0.0040  0.0040  0.0041  1
  83:   0.0081  0.9391  0.0094  0.0071  0.0051  0.0091  0.0060  0.0076  0.0085  1
  84:   0.0050  0.7130  0.0567  0.0270  0.0081  0.0277  0.0593  0.0766  0.0267  1
  85:   0.0030  0.9730  0.0060  0.0030  0.0030  0.0030  0.0030  0.0030  0.0030  1
  86:   0.0060  0.2070  0.0804  0.0952  0.0183  0.1929  0.1487  0.0877  0.1638  1
  87:   0.0244  0.7892  0.0080  0.0302  0.0363  0.0362  0.0197  0.0169  0.0391  1
  88:   0.0122  0.9250  0.0072  0.0061  0.0080  0.0137  0.0079  0.0089  0.0110  1
  89:   0.0020  0.9515  0.0080  0.0050  0.0070  0.0067  0.0087  0.0055  0.0056  1
  90:   0.0043  0.8265  0.0271  0.0461  0.0060  0.0234  0.0227  0.0189  0.0250  1
  91:   0.0030  0.2045  0.2502  0.0271  0.0081  0.1639  0.1222  0.0379  0.1831  1
  92:   0.0098  0.1127  0.0108  0.1753  0.0302  0.2275  0.0390  0.1565  0.2383  1
  93:   0.0060  0.9582  0.0050  0.0059  0.0030  0.0060  0.0050  0.0051  0.0058  1
  94:   0.0167  0.9324  0.0060  0.0080  0.0087  0.0069  0.0070  0.0071  0.0072  1
  95:   0.0027  0.5103  0.1266  0.0879  0.0459  0.0526  0.0614  0.0634  0.0493  1
  96:   0.0030  0.1144  0.1614  0.0839  0.0273  0.2075  0.0187  0.2687  0.1151  1
  97:   0.0714  0.7884  0.0223  0.0224  0.0239  0.0110  0.0360  0.0121  0.0126  1
  98:   0.0121  0.7456  0.0593  0.0175  0.0130  0.0604  0.0352  0.0283  0.0285  1
  99:   0.0080  0.9344  0.0041  0.0106  0.0116  0.0065  0.0063  0.0090  0.0095  1
 100:   0.0060  0.8830  0.0241  0.0115  0.0183  0.0166  0.0150  0.0092  0.0163  1
 101:   0.0129  0.8802  0.0112  0.0191  0.0120  0.0151  0.0078  0.0263  0.0154  1
 102:   0.0152  0.8008  0.0559  0.0174  0.0119  0.0323  0.0170  0.0191  0.0303  1
 103:   0.0040  0.4924  0.0724  0.1291  0.0113  0.0955  0.0304  0.0439  0.1209  1
 104:   0.0050  0.9443  0.0073  0.0043  0.0128  0.0063  0.0088  0.0051  0.0061  1
 105:   0.0120  0.9319  0.0058  0.0050  0.0163  0.0064  0.0078  0.0081  0.0067  1
 106:   0.0048  0.9586  0.0050  0.0040  0.0088  0.0054  0.0040  0.0040  0.0054  1
 107:   0.0068  0.7386  0.0217  0.0248  0.0061  0.0659  0.0257  0.0647  0.0458  1
 108:   0.0074  0.2034  0.0437  0.2676  0.0588  0.0617  0.0525  0.1293  0.1755  1
 109:   0.0070  0.9313  0.0082  0.0081  0.0030  0.0144  0.0111  0.0064  0.0105  1
 110:   0.2071  0.0467  0.0645  0.0576  0.0166  0.0813  0.0879  0.3624  0.0758  1
 111:   0.0050  0.9159  0.0060  0.0068  0.0271  0.0076  0.0102  0.0125  0.0089  1
 112:   0.0020  0.9706  0.0040  0.0030  0.0030  0.0051  0.0043  0.0039  0.0041  1
 113:   0.0290  0.1717  0.0120  0.0176  0.6153  0.0309  0.0347  0.0215  0.0672  1
 114:   0.0098  0.8226  0.0393  0.0257  0.0100  0.0268  0.0133  0.0316  0.0210  1
 115:   0.0060  0.9377  0.0070  0.0051  0.0169  0.0070  0.0056  0.0060  0.0087  1
 116:   0.0070  0.8677  0.0142  0.0188  0.0050  0.0153  0.0142  0.0452  0.0126  1
 117:   0.0070  0.4797  0.3011  0.0468  0.0079  0.0484  0.0170  0.0542  0.0380  1
 118:   0.0030  0.9250  0.0119  0.0124  0.0030  0.0112  0.0098  0.0109  0.0128  1
 119:   0.0080  0.8808  0.0186  0.0082  0.0179  0.0129  0.0084  0.0318  0.0134  1
 120:   0.0030  0.6625  0.0132  0.0520  0.0128  0.0905  0.0240  0.0687  0.0733  1
 121:   0.0039  0.1058  0.0165  0.0656  0.2700  0.0537  0.0309  0.3661  0.0876  1
 122:   0.0090  0.7343  0.0127  0.0701  0.0260  0.0222  0.0345  0.0462  0.0451  1
 123:   0.0049  0.1651  0.0705  0.2023  0.0131  0.0728  0.0458  0.2979  0.1277  1
 124:   0.0040  0.8944  0.0064  0.0049  0.0637  0.0067  0.0040  0.0053  0.0105  1
 125:   0.0020  0.9263  0.0193  0.0078  0.0035  0.0084  0.0131  0.0114  0.0082  1
 126:   0.0603  0.7605  0.0080  0.0351  0.0475  0.0187  0.0223  0.0164  0.0313  1
 127:   0.0110  0.3024  0.0360  0.0205  0.0081  0.1254  0.0230  0.3653  0.1084  1
 128:   0.0114  0.0505  0.0416  0.1842  0.0114  0.1023  0.0627  0.0999  0.4361  1
 129:   0.0040  0.6672  0.0258  0.0239  0.0354  0.0876  0.0635  0.0356  0.0569  1
 130:   0.0025  0.9180  0.0079  0.0106  0.0112  0.0159  0.0127  0.0100  0.0112  1
 131:   0.0209  0.9188  0.0081  0.0127  0.0043  0.0073  0.0086  0.0117  0.0076  1
 132:   0.0421  0.5873  0.0395  0.0300  0.0111  0.0483  0.1094  0.1044  0.0279  1
 133:   0.0045  0.9612  0.0041  0.0050  0.0050  0.0044  0.0050  0.0060  0.0048  1
 134:   0.0099  0.9628  0.0040  0.0049  0.0030  0.0040  0.0035  0.0040  0.0039  1
 135:   0.0130  0.8340  0.0357  0.0345  0.0070  0.0266  0.0084  0.0168  0.0240  1
 136:   0.0080  0.7413  0.0281  0.0419  0.0081  0.0567  0.0460  0.0235  0.0464  1
 137:   0.0050  0.7752  0.0395  0.0183  0.0282  0.0391  0.0127  0.0310  0.0509  1
 138:   0.0059  0.9075  0.0131  0.0118  0.0040  0.0085  0.0171  0.0169  0.0152  1
 139:   0.0590  0.2864  0.0977  0.0363  0.0114  0.1443  0.0604  0.2099  0.0947  1
 140:   0.0120  0.8874  0.0193  0.0133  0.0118  0.0194  0.0084  0.0131  0.0153  1
 141:   0.0569  0.7234  0.0040  0.0059  0.1820  0.0048  0.0032  0.0040  0.0158  1
 142:   0.0370  0.3338  0.5020  0.0333  0.0123  0.0177  0.0386  0.0100  0.0153  1
 143:   0.0057  0.9570  0.0060  0.0050  0.0040  0.0073  0.0050  0.0049  0.0051  1
 144:   0.0049  0.0158  0.1444  0.0417  0.4427  0.0693  0.0986  0.0909  0.0916  1
 145:   0.0054  0.6875  0.0228  0.0439  0.0728  0.0476  0.0561  0.0233  0.0407  1
 146:   0.0086  0.9338  0.0059  0.0060  0.0090  0.0101  0.0113  0.0079  0.0074  1
 147:   0.0070  0.8310  0.0204  0.0234  0.0069  0.0223  0.0292  0.0250  0.0349  1
 148:   0.0125  0.0146  0.0564  0.0891  0.0233  0.4346  0.0485  0.1850  0.1359  1
 149:   0.0110  0.8159  0.0322  0.0208  0.0303  0.0240  0.0206  0.0195  0.0257  1
 150:   0.0050  0.0272  0.0144  0.2857  0.0181  0.0552  0.0225  0.5076  0.0644  1
 151:   0.0116  0.9363  0.0096  0.0061  0.0060  0.0062  0.0068  0.0105  0.0069  1
 152:   0.0063  0.6611  0.0114  0.0143  0.0051  0.0482  0.1609  0.0670  0.0257  1
 153:   0.0076  0.7359  0.0094  0.0181  0.1573  0.0133  0.0139  0.0205  0.0240  1
 154:   0.0089  0.9450  0.0082  0.0072  0.0030  0.0067  0.0080  0.0066  0.0064  1
 155:   0.0114  0.8985  0.0119  0.0075  0.0050  0.0311  0.0080  0.0104  0.0162  1
 156:   0.0076  0.9248  0.0079  0.0101  0.0061  0.0131  0.0087  0.0093  0.0124  1
 157:   0.0093  0.7959  0.0307  0.0158  0.0652  0.0169  0.0317  0.0138  0.0208  1
 158:   0.0201  0.1434  0.0660  0.0850  0.1158  0.1595  0.1854  0.1669  0.0579  1
 159:   0.0175  0.7817  0.0233  0.0109  0.0709  0.0143  0.0299  0.0301  0.0215  1
 160:   0.0120  0.8317  0.0274  0.0275  0.0141  0.0305  0.0148  0.0215  0.0205  1
 161:   0.0330  0.9259  0.0050  0.0062  0.0060  0.0060  0.0055  0.0059  0.0065  1
 162:   0.0080  0.5919  0.0661  0.0192  0.1276  0.0146  0.0998  0.0428  0.0299  1
 163:   0.0128  0.9097  0.0200  0.0109  0.0060  0.0098  0.0123  0.0107  0.0078  1
 164:   0.0144  0.4989  0.0495  0.1173  0.0146  0.0795  0.0211  0.0402  0.1644  1
 165:   0.0039  0.9507  0.0059  0.0051  0.0060  0.0070  0.0059  0.0072  0.0083  1
 166:   0.0138  0.8394  0.0152  0.0237  0.0062  0.0225  0.0172  0.0297  0.0323  1
 167:   0.0080  0.9475  0.0119  0.0074  0.0030  0.0057  0.0062  0.0040  0.0063  1
 168:   0.0070  0.6267  0.1454  0.0256  0.0071  0.0684  0.0866  0.0135  0.0197  1
 169:   0.0050  0.9308  0.0050  0.0097  0.0086  0.0086  0.0098  0.0123  0.0102  1
 170:   0.0135  0.0212  0.4041  0.0365  0.0124  0.3773  0.0428  0.0178  0.0744  1
 171:   0.0061  0.7119  0.0378  0.0111  0.0129  0.0360  0.1272  0.0215  0.0354  1
 172:   0.0156  0.4190  0.0184  0.1973  0.0138  0.1141  0.0862  0.0187  0.1168  1
 173:   0.0084  0.8766  0.0191  0.0117  0.0130  0.0159  0.0163  0.0287  0.0103  1
 174:   0.0051  0.8803  0.0141  0.0224  0.0060  0.0142  0.0176  0.0244  0.0159  1
 175:   0.0033  0.9631  0.0050  0.0050  0.0030  0.0050  0.0070  0.0040  0.0046  1
 176:   0.1328  0.5666  0.0167  0.0337  0.0198  0.0412  0.0262  0.0898  0.0731  1
 177:   0.0077  0.9503  0.0060  0.0060  0.0050  0.0098  0.0040  0.0051  0.0061  1
 178:   0.0100  0.8918  0.0071  0.0223  0.0085  0.0141  0.0206  0.0152  0.0103  1
 179:   0.3216  0.6505  0.0040  0.0048  0.0046  0.0032  0.0049  0.0030  0.0034  1
 180:   0.0030  0.9608  0.0069  0.0052  0.0030  0.0054  0.0050  0.0050  0.0057  1
 181:   0.0030  0.0099  0.8983  0.0250  0.0097  0.0179  0.0069  0.0122  0.0171  1
 182:   0.0020  0.7119  0.0256  0.1639  0.0042  0.0314  0.0146  0.0198  0.0266  1
 183:   0.0020  0.9277  0.0071  0.0079  0.0042  0.0123  0.0122  0.0131  0.0134  1
 184:   0.0050  0.1930  0.0383  0.3031  0.0631  0.1108  0.0339  0.0843  0.1686  1
 185:   0.0060  0.9169  0.0083  0.0091  0.0193  0.0107  0.0090  0.0085  0.0122  1
 186:   0.0058  0.6430  0.1580  0.0529  0.0162  0.0250  0.0523  0.0258  0.0211  1
 187:   0.0089  0.5964  0.1122  0.0231  0.0171  0.0931  0.0271  0.0713  0.0508  1
 188:   0.0030  0.9750  0.0030  0.0031  0.0030  0.0030  0.0032  0.0030  0.0037  1
 189:   0.0020  0.8315  0.0202  0.0099  0.0276  0.0179  0.0103  0.0626  0.0179  1
 190:   0.0023  0.6703  0.0884  0.0529  0.0180  0.0244  0.0733  0.0369  0.0335  1
 191:   0.0070  0.6981  0.0836  0.0405  0.0093  0.0158  0.0971  0.0257  0.0230  1
 192:   0.0040  0.9120  0.0294  0.0075  0.0078  0.0074  0.0152  0.0071  0.0096  1
 193:   0.0126  0.8084  0.0220  0.0150  0.0344  0.0351  0.0288  0.0262  0.0175  1
 194:   0.0293  0.4084  0.0655  0.1044  0.0761  0.0509  0.1077  0.1121  0.0457  1
 195:   0.0109  0.6405  0.0191  0.0880  0.0080  0.0439  0.0848  0.0574  0.0476  1
 196:   0.0132  0.9614  0.0030  0.0040  0.0040  0.0034  0.0030  0.0040  0.0040  1
 197:   0.0040  0.9464  0.0083  0.0078  0.0080  0.0062  0.0047  0.0082  0.0064  1
 198:   0.0067  0.0174  0.0480  0.1786  0.0061  0.3437  0.0574  0.2093  0.1328  1
 199:   0.0313  0.0185  0.0493  0.3933  0.0149  0.0813  0.0720  0.0764  0.2630  1
 200:   0.0062  0.0101  0.0123  0.0278  0.2185  0.3892  0.0532  0.0265  0.2562  1
 201:   0.0040  0.0090  0.0463  0.3610  0.1518  0.0280  0.2273  0.0329  0.1398  1
 202:   0.0111  0.1215  0.3280  0.1280  0.0100  0.1019  0.1147  0.1110  0.0739  1
 203:   0.0030  0.0118  0.0484  0.0998  0.0160  0.3363  0.0560  0.0863  0.3424  1
 204:   0.0080  0.0150  0.6574  0.1383  0.0106  0.0498  0.0524  0.0274  0.0411  1
 205:   0.0077  0.0080  0.0108  0.2592  0.0170  0.0771  0.1327  0.3158  0.1717  1
 206:   0.0039  0.0106  0.0231  0.3560  0.0063  0.2554  0.0627  0.0332  0.2487  1
 207:   0.0060  0.0128  0.0113  0.0224  0.0125  0.2985  0.3052  0.0197  0.3116  1
 208:   0.0050  0.0054  0.0832  0.2715  0.0062  0.1044  0.0732  0.2998  0.1513  1
 209:   0.0040  0.0349  0.1792  0.0598  0.0030  0.0885  0.0694  0.3882  0.1730  1
 210:   0.0053  0.0161  0.1274  0.0181  0.0050  0.5249  0.0329  0.1400  0.1302  1
 211:   0.0307  0.0130  0.0410  0.1147  0.0229  0.3591  0.1412  0.1269  0.1503  1
 212:   0.0040  0.0093  0.6842  0.0781  0.0106  0.0659  0.0278  0.0380  0.0821  1
 213:   0.0070  0.0209  0.3083  0.1676  0.0064  0.0823  0.0234  0.2976  0.0865  1
 214:   0.1113  0.0195  0.0089  0.0135  0.1094  0.0726  0.5992  0.0246  0.0409  1
 215:   0.0030  0.0070  0.0290  0.4652  0.0040  0.0634  0.2067  0.0657  0.1560  1
 216:   0.0053  0.1376  0.0454  0.0503  0.0074  0.3305  0.2044  0.1138  0.1055  1
 217:   0.0079  0.0044  0.0216  0.1307  0.0512  0.1580  0.1556  0.0941  0.3764  1
 218:   0.0050  0.0089  0.0294  0.0769  0.1165  0.2694  0.0197  0.2773  0.1968  1
 219:   0.0275  0.0060  0.0154  0.0402  0.0079  0.6092  0.1101  0.0443  0.1394  1
 220:   0.0020  0.0125  0.0180  0.2872  0.0070  0.0693  0.5158  0.0245  0.0638  1
 221:   0.0243  0.0214  0.0921  0.0982  0.0078  0.1063  0.4653  0.0501  0.1346  1
 222:   0.0189  0.0579  0.0193  0.0516  0.0254  0.1941  0.0527  0.2840  0.2961  1
 223:   0.0091  0.0657  0.0730  0.1029  0.0888  0.2045  0.0507  0.1722  0.2331  1
 224:   0.0030  0.0136  0.1097  0.1387  0.0049  0.0990  0.0552  0.3703  0.2056  1
 225:   0.0053  0.0110  0.0389  0.0398  0.0128  0.3208  0.4205  0.0479  0.1029  1
 226:   0.0040  0.0086  0.1687  0.6308  0.0146  0.0303  0.0573  0.0125  0.0732  1
 227:   0.0116  0.0164  0.0341  0.2174  0.0151  0.1591  0.2074  0.2487  0.0901  1
 228:   0.0184  0.0083  0.0122  0.0887  0.0061  0.4623  0.0428  0.0616  0.2996  1
 229:   0.0020  0.0047  0.0372  0.0475  0.0045  0.1418  0.4668  0.0385  0.2569  1
 230:   0.0705  0.0312  0.1211  0.3054  0.0733  0.0655  0.0540  0.1320  0.1468  1
 231:   0.0070  0.0050  0.2147  0.1849  0.0117  0.3603  0.0239  0.0929  0.0997  1
 232:   0.0030  0.0089  0.0163  0.0571  0.0051  0.0472  0.0288  0.7476  0.0859  1
 233:   0.0050  0.0553  0.0781  0.1678  0.0089  0.4060  0.0605  0.0832  0.1351  1
 234:   0.0067  0.0186  0.0122  0.5205  0.0238  0.0789  0.0319  0.0383  0.2691  1
 235:   0.0262  0.0100  0.0288  0.0971  0.0116  0.0763  0.0766  0.5364  0.1369  1
 236:   0.0172  0.0078  0.1872  0.0303  0.1202  0.3703  0.0361  0.0448  0.1861  1
 237:   0.0040  0.0070  0.0111  0.0196  0.0060  0.0493  0.0161  0.8011  0.0858  1
 238:   0.0080  0.0266  0.0183  0.0450  0.0167  0.1732  0.0571  0.3765  0.2787  1
 239:   0.0030  0.0061  0.0100  0.0324  0.0030  0.1013  0.0220  0.7611  0.0610  1
 240:   0.0702  0.0060  0.0096  0.2922  0.0541  0.0854  0.0344  0.3118  0.1362  1
 241:   0.0090  0.0100  0.0451  0.8200  0.0064  0.0190  0.0150  0.0126  0.0630  1
 242:   0.0040  0.0175  0.2600  0.1689  0.0081  0.1203  0.3113  0.0344  0.0755  1
 243:   0.0040  0.0110  0.0410  0.1538  0.0217  0.1882  0.0889  0.0455  0.4460  1
 244:   0.0040  0.0140  0.1873  0.0378  0.0343  0.3642  0.1188  0.1090  0.1306  1
 245:   0.0121  0.0109  0.3231  0.0487  0.1609  0.1310  0.0871  0.1268  0.0995  1
 246:   0.0048  0.0134  0.0125  0.3138  0.0109  0.0542  0.0543  0.4777  0.0584  1
 247:   0.0080  0.0111  0.6191  0.0515  0.0071  0.0333  0.1431  0.0783  0.0486  1
 248:   0.0030  0.0080  0.6203  0.0845  0.0178  0.0507  0.1021  0.0208  0.0929  1
 249:   0.0040  0.0071  0.0206  0.0138  0.0053  0.0389  0.7617  0.0950  0.0536  1
 250:   0.0050  0.0070  0.0429  0.4823  0.0130  0.0813  0.0171  0.0696  0.2818  1
 251:   0.0546  0.0181  0.3531  0.0449  0.0179  0.2187  0.0163  0.2087  0.0676  1
 252:   0.0030  0.0050  0.0163  0.0233  0.0105  0.0389  0.7279  0.0360  0.1391  1
 253:   0.0185  0.0097  0.0177  0.2849  0.0687  0.1413  0.0281  0.1578  0.2733  1
 254:   0.0025  0.0370  0.0179  0.1956  0.0237  0.2894  0.1625  0.0622  0.2092  1
 255:   0.0020  0.1192  0.0523  0.3090  0.0040  0.2019  0.0587  0.0762  0.1768  1
 256:   0.0040  0.0060  0.2561  0.2343  0.0041  0.2167  0.0147  0.1703  0.0938  1
 257:   0.0087  0.0180  0.0342  0.0481  0.0069  0.4031  0.2990  0.0516  0.1305  1
 258:   0.0030  0.0115  0.0197  0.8430  0.0060  0.0226  0.0069  0.0155  0.0718  1
 259:   0.0171  0.0101  0.0236  0.5245  0.0071  0.0741  0.0284  0.0866  0.2286  1
 260:   0.0086  0.0215  0.2032  0.2476  0.0309  0.1949  0.0540  0.0510  0.1883  1
 261:   0.0060  0.0143  0.0177  0.0909  0.0306  0.3615  0.0358  0.1505  0.2928  1
 262:   0.0040  0.0312  0.0134  0.1245  0.0040  0.0287  0.1442  0.6157  0.0343  1
 263:   0.0030  0.0116  0.0473  0.0572  0.0151  0.0856  0.3856  0.0649  0.3297  1
 264:   0.0030  0.0133  0.0426  0.1081  0.0069  0.4333  0.0625  0.1450  0.1854  1
 265:   0.0070  0.0084  0.0090  0.0333  0.0060  0.3624  0.0211  0.3299  0.2229  1
 266:   0.0030  0.0051  0.0300  0.1222  0.0061  0.4762  0.1033  0.1237  0.1304  1
 267:   0.0050  0.0080  0.0202  0.0228  0.0211  0.0623  0.7765  0.0170  0.0671  1
 268:   0.0030  0.0085  0.1203  0.2621  0.0084  0.1009  0.0610  0.0570  0.3789  1
 269:   0.0432  0.0100  0.0241  0.0348  0.0099  0.1168  0.5193  0.1666  0.0753  1
 270:   0.0020  0.0540  0.0454  0.0213  0.0151  0.2639  0.0734  0.4010  0.1239  1
 271:   0.0059  0.0111  0.0122  0.1981  0.0090  0.1325  0.0485  0.2330  0.3497  1
 272:   0.0112  0.0156  0.0148  0.0429  0.0306  0.4958  0.0109  0.2749  0.1033  1
 273:   0.0132  0.0060  0.0404  0.2569  0.0101  0.4671  0.0188  0.0218  0.1657  1
 274:   0.0060  0.0114  0.0097  0.0176  0.0086  0.0133  0.9012  0.0213  0.0109  1
 275:   0.0053  0.0111  0.0471  0.1751  0.0091  0.1098  0.1888  0.1397  0.3140  1
 276:   0.0050  0.0060  0.2729  0.0207  0.0050  0.5064  0.0319  0.0225  0.1297  1
 277:   0.0030  0.0042  0.0610  0.1711  0.0091  0.1786  0.0344  0.1327  0.4060  1
 278:   0.0321  0.0054  0.0119  0.0216  0.0072  0.1353  0.0943  0.6394  0.0527  1
 279:   0.0050  0.0527  0.0523  0.0288  0.0184  0.2871  0.0311  0.1613  0.3632  1
 280:   0.0062  0.0060  0.0227  0.6081  0.0071  0.1208  0.0257  0.0388  0.1645  1
 281:   0.0102  0.0101  0.1661  0.2126  0.0101  0.1858  0.1010  0.1581  0.1461  1
 282:   0.0030  0.0204  0.1865  0.4489  0.0099  0.1620  0.0350  0.0551  0.0793  1
 283:   0.0107  0.0051  0.0186  0.0684  0.0049  0.6214  0.0175  0.0390  0.2144  1
 284:   0.0030  0.0159  0.3174  0.2756  0.0069  0.1767  0.0154  0.0946  0.0946  1
 285:   0.0113  0.0220  0.2909  0.3239  0.0465  0.0487  0.1548  0.0180  0.0838  1
 286:   0.0051  0.0072  0.0964  0.2760  0.0151  0.2765  0.0892  0.1424  0.0921  1
 287:   0.0177  0.0058  0.0224  0.2754  0.0095  0.2371  0.0487  0.1593  0.2241  1
 288:   0.0040  0.0122  0.0852  0.3581  0.0112  0.1629  0.0997  0.0974  0.1692  1
 289:   0.0040  0.0123  0.3301  0.1283  0.0110  0.2917  0.0152  0.0815  0.1260  1
 290:   0.0060  0.1133  0.0953  0.0616  0.0378  0.2677  0.1376  0.1243  0.1565  1
 291:   0.0040  0.0030  0.0604  0.5269  0.0257  0.0883  0.0181  0.0820  0.1915  1
 292:   0.0059  0.0267  0.0093  0.1780  0.0055  0.0829  0.0273  0.5613  0.1032  1
 293:   0.0030  0.0090  0.0252  0.0372  0.0060  0.1060  0.4661  0.1841  0.1635  1
 294:   0.0602  0.0098  0.6514  0.0563  0.0059  0.0391  0.0877  0.0330  0.0567  1
 295:   0.0217  0.0064  0.0325  0.0414  0.0148  0.3702  0.1104  0.0231  0.3796  1
 296:   0.0020  0.0165  0.0427  0.0299  0.0113  0.0702  0.0344  0.6811  0.1120  1
 297:   0.0314  0.0268  0.0904  0.2846  0.0287  0.0837  0.0114  0.3562  0.0868  1
 298:   0.0030  0.0303  0.0385  0.0498  0.0080  0.1652  0.0412  0.5307  0.1332  1
 299:   0.0038  0.0033  0.0107  0.0689  0.0050  0.0321  0.8365  0.0134  0.0263  1
 300:   0.0048  0.0072  0.7571  0.0822  0.0134  0.0342  0.0348  0.0338  0.0326  1
 301:   0.0117  0.0932  0.0565  0.2107  0.0691  0.2923  0.0351  0.0519  0.1795  1
 302:   0.0040  0.0063  0.4259  0.0234  0.0317  0.2850  0.0401  0.0376  0.1460  1
 303:   0.0189  0.0041  0.0150  0.2234  0.0071  0.3503  0.0449  0.1967  0.1395  1
 304:   0.0071  0.0113  0.0790  0.1996  0.0125  0.1042  0.1059  0.0329  0.4476  1
 305:   0.0042  0.0164  0.0731  0.0606  0.0132  0.1495  0.5791  0.0340  0.0699  1
 306:   0.0040  0.0122  0.0373  0.7977  0.0040  0.0351  0.0151  0.0191  0.0755  1
 307:   0.0134  0.0537  0.5552  0.0717  0.0225  0.1298  0.0475  0.0193  0.0869  1
 308:   0.0030  0.0038  0.1637  0.2250  0.0082  0.1196  0.0688  0.1242  0.2837  1
 309:   0.0029  0.0128  0.0234  0.0548  0.0111  0.1170  0.1713  0.1988  0.4080  1
 310:   0.0101  0.0072  0.2525  0.0561  0.0073  0.1469  0.0693  0.1605  0.2901  1
 311:   0.0050  0.0342  0.0239  0.2301  0.0146  0.0871  0.0098  0.4024  0.1929  1
 312:   0.0063  0.0152  0.0124  0.0210  0.0121  0.6663  0.0156  0.0466  0.2045  1
 313:   0.0030  0.0264  0.0400  0.1835  0.0093  0.3367  0.0178  0.2560  0.1273  1
 314:   0.0030  0.0054  0.0119  0.0377  0.0070  0.4874  0.0147  0.2013  0.2316  1
 315:   0.0135  0.0110  0.1288  0.1428  0.0171  0.3005  0.1841  0.0587  0.1435  1
 316:   0.0030  0.0079  0.0146  0.0757  0.0059  0.0136  0.8403  0.0209  0.0182  1
 317:   0.0050  0.0050  0.0230  0.0330  0.0092  0.4643  0.1355  0.0774  0.2476  1
 318:   0.0059  0.0320  0.0285  0.4549  0.0056  0.2657  0.0102  0.0397  0.1575  1
 319:   0.0041  0.0121  0.7092  0.0267  0.0040  0.0486  0.0176  0.0301  0.1475  1
 320:   0.0317  0.0111  0.0141  0.0649  0.0117  0.0685  0.6768  0.0321  0.0890  1
 321:   0.0081  0.0104  0.0092  0.0787  0.0101  0.0410  0.7945  0.0162  0.0317  1
 322:   0.0040  0.0483  0.2105  0.0336  0.0050  0.0535  0.1694  0.3780  0.0978  1
 323:   0.0040  0.0110  0.3338  0.2658  0.0179  0.0666  0.0990  0.0595  0.1425  1
 324:   0.0049  0.0071  0.1091  0.6739  0.0101  0.0693  0.0128  0.0238  0.0890  1
 325:   0.0151  0.0131  0.0359  0.4007  0.0116  0.1690  0.0562  0.0242  0.2742  1
 326:   0.0020  0.0040  0.8417  0.0541  0.0083  0.0288  0.0142  0.0218  0.0250  1
 327:   0.0110  0.0080  0.0494  0.0179  0.0065  0.4912  0.1373  0.0689  0.2098  1
 328:   0.0060  0.0081  0.0121  0.0424  0.0904  0.4620  0.0859  0.0866  0.2065  1
 329:   0.0050  0.0060  0.3919  0.0491  0.0134  0.1569  0.0362  0.2336  0.1078  1
 330:   0.0050  0.0071  0.0188  0.0824  0.0308  0.3317  0.0264  0.3908  0.1069  1
 331:   0.0030  0.0040  0.0156  0.4051  0.0059  0.0536  0.0383  0.4316  0.0429  1
 332:   0.0089  0.0794  0.0218  0.0406  0.0158  0.1503  0.0196  0.6025  0.0612  1
 333:   0.0030  0.0220  0.0296  0.0776  0.0040  0.0540  0.0315  0.5879  0.1904  1
 334:   0.0388  0.0658  0.1308  0.2677  0.0385  0.0452  0.0338  0.3025  0.0768  1
 335:   0.0453  0.0081  0.1912  0.3852  0.0122  0.2293  0.0279  0.0268  0.0739  1
 336:   0.0020  0.0060  0.0327  0.0437  0.0040  0.1500  0.0523  0.4984  0.2109  1
 337:   0.0040  0.0041  0.0372  0.2869  0.0070  0.1268  0.0216  0.2300  0.2824  1
 338:   0.0079  0.0138  0.0806  0.3779  0.0061  0.2327  0.0142  0.0509  0.2158  1
 339:   0.0030  0.0393  0.1944  0.0935  0.0172  0.1854  0.0883  0.0595  0.3192  1
 340:   0.0220  0.0179  0.0120  0.0671  0.0040  0.1721  0.0298  0.5249  0.1502  1
 341:   0.0040  0.0061  0.1281  0.3117  0.0076  0.1687  0.1760  0.0729  0.1248  1
 342:   0.0050  0.0242  0.7540  0.1275  0.0072  0.0159  0.0298  0.0093  0.0271  1
 343:   0.0030  0.0051  0.0810  0.5377  0.0153  0.1061  0.0774  0.0723  0.1021  1
 344:   0.0032  0.0040  0.0060  0.0194  0.0042  0.7537  0.0259  0.0214  0.1621  1
 345:   0.0020  0.0061  0.0048  0.0590  0.0059  0.2903  0.0167  0.0639  0.5512  1
 346:   0.0040  0.0103  0.0299  0.0212  0.0113  0.0859  0.7364  0.0609  0.0402  1
 347:   0.0070  0.0081  0.0359  0.0807  0.0153  0.2461  0.1913  0.0549  0.3607  1
 348:   0.0163  0.0152  0.0177  0.0657  0.0133  0.1839  0.5622  0.0294  0.0963  1
 349:   0.0050  0.0589  0.0786  0.0812  0.0060  0.2428  0.0796  0.3484  0.0996  1
 350:   0.0031  0.0108  0.0211  0.0656  0.0040  0.3374  0.0902  0.2566  0.2112  1
 351:   0.0049  0.0040  0.9120  0.0143  0.0050  0.0103  0.0159  0.0138  0.0198  1
 352:   0.0401  0.0259  0.0267  0.0704  0.0684  0.2293  0.0628  0.3066  0.1698  1
 353:   0.0059  0.0090  0.2001  0.1082  0.0148  0.2407  0.2021  0.1130  0.1063  1
 354:   0.0079  0.0072  0.0171  0.0413  0.0071  0.4938  0.2275  0.0318  0.1663  1
 355:   0.0121  0.0098  0.0135  0.0374  0.0332  0.4478  0.0333  0.1262  0.2866  1
 356:   0.0358  0.0129  0.0841  0.4964  0.0050  0.0756  0.0876  0.1003  0.1024  1
 357:   0.0041  0.0385  0.0586  0.0586  0.0314  0.2847  0.2381  0.0776  0.2083  1
 358:   0.0060  0.0110  0.0272  0.0305  0.0048  0.1541  0.1341  0.5068  0.1256  1
 359:   0.0634  0.0158  0.0155  0.0328  0.0294  0.0854  0.6340  0.0276  0.0961  1
 360:   0.0092  0.0566  0.0140  0.0379  0.0546  0.1902  0.0148  0.4231  0.1996  1
 361:   0.0081  0.0122  0.0888  0.0907  0.0115  0.1730  0.0665  0.1525  0.3968  1
 362:   0.0020  0.0070  0.0885  0.0983  0.1256  0.3563  0.0783  0.0725  0.1715  1
 363:   0.0123  0.0110  0.0478  0.1528  0.0645  0.1027  0.0190  0.5196  0.0702  1
 364:   0.0099  0.0065  0.0621  0.1002  0.0190  0.0770  0.4594  0.0686  0.1972  1
 365:   0.0192  0.0242  0.5668  0.1382  0.0164  0.0394  0.0870  0.0526  0.0561  1
 366:   0.0274  0.0129  0.0365  0.0424  0.0171  0.2234  0.0439  0.5319  0.0645  1
 367:   0.0050  0.0050  0.0102  0.8871  0.0060  0.0127  0.0062  0.0097  0.0581  1
 368:   0.0040  0.0048  0.0051  0.0080  0.0030  0.0974  0.8142  0.0428  0.0207  1
 369:   0.0030  0.0040  0.0280  0.0139  0.0080  0.1211  0.0455  0.7230  0.0533  1
 370:   0.0030  0.0061  0.0492  0.4766  0.0030  0.1549  0.0547  0.1480  0.1044  1
 371:   0.0040  0.0257  0.2702  0.0222  0.0138  0.1854  0.0509  0.2879  0.1399  1
 372:   0.0070  0.0042  0.6379  0.0578  0.0061  0.0599  0.0156  0.0930  0.1186  1
 373:   0.0050  0.0070  0.0227  0.0681  0.0104  0.1331  0.5031  0.1825  0.0680  1
 374:   0.0080  0.0142  0.0615  0.0674  0.0118  0.5036  0.1117  0.1088  0.1130  1
 375:   0.0040  0.0054  0.0082  0.0743  0.0332  0.0504  0.6722  0.0777  0.0745  1
 376:   0.0091  0.0050  0.1134  0.6138  0.0065  0.0338  0.0561  0.0901  0.0722  1
 377:   0.0089  0.0219  0.1289  0.0570  0.0141  0.1867  0.2068  0.2060  0.1697  1
 378:   0.0043  0.0107  0.0424  0.2173  0.0158  0.1511  0.0181  0.4612  0.0791  1
 379:   0.0111  0.0265  0.0297  0.0202  0.0483  0.4449  0.2201  0.0553  0.1439  1
 380:   0.0059  0.0100  0.1374  0.0938  0.0165  0.0678  0.1114  0.4732  0.0842  1
 381:   0.0040  0.0090  0.1534  0.3966  0.1302  0.1008  0.0211  0.0823  0.1027  1
 382:   0.0636  0.0354  0.0321  0.1150  0.0037  0.1514  0.0270  0.2692  0.3027  1
 383:   0.0050  0.0278  0.0577  0.2471  0.0039  0.0947  0.1637  0.1929  0.2072  1
 384:   0.0040  0.0159  0.0612  0.0531  0.0091  0.4250  0.0184  0.3252  0.0881  1
 385:   0.0040  0.0175  0.1513  0.0329  0.0070  0.0490  0.0203  0.6678  0.0503  1
 386:   0.0251  0.0082  0.5963  0.0925  0.0042  0.0563  0.0259  0.0999  0.0916  1
 387:   0.0267  0.0404  0.0934  0.0330  0.0045  0.0966  0.0131  0.6337  0.0587  1
 388:   0.0050  0.0292  0.0337  0.3111  0.0214  0.1611  0.0233  0.1602  0.2550  1
 389:   0.0271  0.0219  0.0218  0.5516  0.0168  0.0496  0.0744  0.1204  0.1164  1
 390:   0.0020  0.0096  0.0587  0.0371  0.0148  0.4048  0.0676  0.0411  0.3643  1
 391:   0.0040  0.0070  0.1312  0.4245  0.0347  0.0424  0.0454  0.2310  0.0798  1
 392:   0.0040  0.0117  0.1082  0.4188  0.0074  0.0348  0.2230  0.0237  0.1685  1
 393:   0.0040  0.0160  0.5026  0.1937  0.0120  0.0358  0.0418  0.0701  0.1241  1
 394:   0.0091  0.0694  0.0212  0.0653  0.0210  0.1433  0.0934  0.4813  0.0959  1
 395:   0.0221  0.0302  0.0414  0.7210  0.0208  0.0229  0.0100  0.0306  0.1009  1
 396:   0.0177  0.0101  0.0130  0.7721  0.0623  0.0249  0.0100  0.0242  0.0658  1
 397:   0.0050  0.0061  0.0061  0.2940  0.0129  0.1788  0.0383  0.0640  0.3948  1
 398:   0.0030  0.0063  0.0550  0.0114  0.0036  0.0271  0.8722  0.0105  0.0108  1
 399:   0.0020  0.0070  0.3506  0.2299  0.0060  0.0709  0.0207  0.2274  0.0855  1
 400:   0.0020  0.0053  0.0162  0.1174  0.0147  0.2226  0.4987  0.0226  0.1004  1
 401:   0.0143  0.0059  0.1682  0.1239  0.0103  0.1805  0.0480  0.0637  0.3852  1
 402:   0.0101  0.0220  0.0269  0.0077  0.0387  0.0292  0.8125  0.0192  0.0337  1
 403:   0.0040  0.0110  0.1800  0.0459  0.0129  0.0818  0.1308  0.3451  0.1884  1
 404:   0.0020  0.0032  0.0305  0.1187  0.0079  0.2086  0.0518  0.3900  0.1873  1
 405:   0.0020  0.0040  0.0243  0.0289  0.0031  0.0205  0.8739  0.0218  0.0216  1
 406:   0.0241  0.0078  0.0244  0.0694  0.0235  0.5158  0.0495  0.0312  0.2542  1
 407:   0.0066  0.0120  0.5833  0.1815  0.0071  0.0769  0.0454  0.0179  0.0694  1
 408:   0.0174  0.0089  0.0626  0.0497  0.0343  0.2231  0.2911  0.0423  0.2708  1
 409:   0.0061  0.0040  0.1045  0.3112  0.0698  0.0612  0.0250  0.1582  0.2599  1
 410:   0.0040  0.0030  0.4965  0.0417  0.0154  0.3080  0.0377  0.0176  0.0761  1
 411:   0.0040  0.0204  0.0122  0.0536  0.0050  0.1037  0.5061  0.2542  0.0408  1
 412:   0.0163  0.3934  0.0121  0.0810  0.0195  0.1578  0.0814  0.1238  0.1146  1
 413:   0.0060  0.0050  0.0174  0.0474  0.0047  0.4185  0.0248  0.2738  0.2024  1
 414:   0.0161  0.0203  0.0432  0.0623  0.0050  0.1524  0.1645  0.4796  0.0566  1
 415:   0.0108  0.0065  0.0448  0.5272  0.0057  0.0768  0.1400  0.0836  0.1046  1
 416:   0.0059  0.0050  0.0198  0.7797  0.0129  0.0597  0.0258  0.0238  0.0674  1
 417:   0.0089  0.0163  0.2314  0.0753  0.0169  0.0889  0.0381  0.4180  0.1062  1
 418:   0.0020  0.0041  0.0526  0.0561  0.0048  0.0738  0.0342  0.4947  0.2778  1
 419:   0.0060  0.0163  0.1131  0.2016  0.0098  0.3283  0.1465  0.0484  0.1302  1
 420:   0.0074  0.0120  0.4254  0.1352  0.0071  0.0801  0.0266  0.2245  0.0816  1
 421:   0.0058  0.0094  0.1009  0.3537  0.0053  0.1995  0.0127  0.0552  0.2575  1
 422:   0.0068  0.0060  0.1527  0.5815  0.0051  0.0657  0.0334  0.0644  0.0844  1
 423:   0.0030  0.0082  0.0788  0.1111  0.0050  0.0571  0.0459  0.6344  0.0565  1
 424:   0.0082  0.0090  0.0151  0.2576  0.0054  0.1225  0.0386  0.0631  0.4805  1
 425:   0.0050  0.0269  0.6084  0.0273  0.0141  0.0749  0.0362  0.1264  0.0807  1
 426:   0.0054  0.0438  0.5359  0.0474  0.0400  0.0954  0.0386  0.0332  0.1602  1
 427:   0.0069  0.0812  0.0666  0.1616  0.0080  0.1876  0.0735  0.3084  0.1062  1
 428:   0.0043  0.0050  0.0463  0.0892  0.0223  0.1306  0.2627  0.1883  0.2511  1
 429:   0.0100  0.1533  0.0234  0.0629  0.0315  0.3570  0.0680  0.0570  0.2369  1
 430:   0.0055  0.0323  0.1343  0.1525  0.0289  0.2260  0.0105  0.2539  0.1562  1
 431:   0.0030  0.0070  0.0213  0.0189  0.0292  0.0147  0.8781  0.0089  0.0189  1
 432:   0.0317  0.0117  0.0558  0.5973  0.0184  0.0312  0.0753  0.0979  0.0808  1
 433:   0.0060  0.0089  0.0437  0.2613  0.0070  0.3036  0.0389  0.0844  0.2462  1
 434:   0.0020  0.0072  0.0665  0.2465  0.0092  0.0943  0.1208  0.0413  0.4122  1
 435:   0.0089  0.0317  0.0813  0.1105  0.0329  0.1051  0.4272  0.1529  0.0495  1
 436:   0.0151  0.0111  0.0895  0.0666  0.0560  0.3316  0.1469  0.1428  0.1404  1
 437:   0.0030  0.0222  0.0748  0.2309  0.0041  0.2910  0.0979  0.1372  0.1388  1
 438:   0.0070  0.0235  0.0889  0.1746  0.0154  0.0701  0.0226  0.5361  0.0617  1
 439:   0.0040  0.0091  0.0746  0.4177  0.0188  0.2123  0.0390  0.0475  0.1769  1
 440:   0.0080  0.0067  0.1508  0.1155  0.0215  0.0926  0.1386  0.0900  0.3765  1
 441:   0.0114  0.0060  0.3642  0.1031  0.0535  0.1129  0.0707  0.0535  0.2246  1
 442:   0.0030  0.0040  0.0103  0.7280  0.0051  0.1001  0.0126  0.0771  0.0599  1
 443:   0.0395  0.1478  0.0265  0.0421  0.0360  0.0606  0.4231  0.1724  0.0521  1
 444:   0.0030  0.0161  0.1007  0.0310  0.0070  0.0217  0.0346  0.7538  0.0321  1
 445:   0.0040  0.0070  0.0192  0.0401  0.0071  0.1052  0.1162  0.6313  0.0700  1
 446:   0.0030  0.0060  0.0497  0.2132  0.0201  0.1503  0.0899  0.0341  0.4337  1
 447:   0.0050  0.0040  0.0119  0.0053  0.0041  0.1026  0.8296  0.0174  0.0200  1
 448:   0.0053  0.0050  0.0378  0.0392  0.0290  0.4723  0.0473  0.0456  0.3184  1
 449:   0.0070  0.0030  0.0442  0.0355  0.0160  0.1976  0.2842  0.2739  0.1387  1
 450:   0.0133  0.0130  0.0300  0.0349  0.0818  0.2870  0.0869  0.0483  0.4048  1
 451:   0.0041  0.0077  0.0741  0.0368  0.0474  0.5309  0.0159  0.0359  0.2472  1
 452:   0.0060  0.1289  0.3943  0.0598  0.0060  0.0848  0.0293  0.2343  0.0565  1
 453:   0.0040  0.0030  0.2260  0.0773  0.0245  0.1192  0.0998  0.1631  0.2831  1
 454:   0.0060  0.0041  0.0248  0.1116  0.0060  0.3199  0.0099  0.3613  0.1562  1
 455:   0.0030  0.0125  0.2756  0.0286  0.0030  0.0439  0.0536  0.5235  0.0564  1
 456:   0.0032  0.0050  0.0472  0.6030  0.0515  0.0483  0.0315  0.0990  0.1112  1
 457:   0.0030  0.0061  0.0076  0.0105  0.0078  0.7253  0.0084  0.0239  0.2074  1
 458:   0.0050  0.0050  0.0432  0.0452  0.0124  0.1405  0.4750  0.0498  0.2238  1
 459:   0.0034  0.0066  0.0213  0.0209  0.0061  0.7096  0.0168  0.0663  0.1491  1
 460:   0.0054  0.0040  0.0481  0.1138  0.0131  0.1048  0.6374  0.0237  0.0496  1
 461:   0.0128  0.0050  0.3634  0.0356  0.0112  0.1920  0.0593  0.1268  0.1938  1
 462:   0.0086  0.0305  0.0851  0.2161  0.0047  0.3273  0.1527  0.0392  0.1358  1
 463:   0.0144  0.0076  0.0323  0.0281  0.0418  0.1533  0.4624  0.1171  0.1429  1
 464:   0.0205  0.0458  0.0403  0.1789  0.0049  0.2241  0.1481  0.0997  0.2376  1
 465:   0.0060  0.0040  0.0070  0.7431  0.0060  0.1418  0.0117  0.0130  0.0674  1
 466:   0.0311  0.0322  0.0114  0.0102  0.0051  0.0288  0.0099  0.8518  0.0195  1
 467:   0.0130  0.0050  0.0692  0.3348  0.0061  0.1904  0.0731  0.0280  0.2802  1
 468:   0.0040  0.6038  0.1259  0.0313  0.0097  0.0385  0.1335  0.0188  0.0345  1
 469:   0.0024  0.0102  0.1457  0.1307  0.0040  0.1623  0.1654  0.0348  0.3446  1
 470:   0.0077  0.0571  0.1620  0.1328  0.0470  0.1221  0.3122  0.0289  0.1301  1
 471:   0.0040  0.0060  0.0297  0.0428  0.1040  0.2597  0.1211  0.2727  0.1599  1
 472:   0.0030  0.0068  0.0199  0.0185  0.0052  0.0398  0.1503  0.7205  0.0360  1
 473:   0.0040  0.1502  0.0347  0.2417  0.0432  0.0786  0.2918  0.0652  0.0904  1
 474:   0.0030  0.0090  0.0323  0.7521  0.0101  0.0328  0.0900  0.0177  0.0530  1
 475:   0.0030  0.0192  0.1022  0.0291  0.3409  0.1511  0.1844  0.0744  0.0957  1
 476:   0.0040  0.0622  0.0288  0.0412  0.0126  0.5382  0.0514  0.1277  0.1338  1
 477:   0.0060  0.0040  0.0071  0.7447  0.0059  0.1404  0.0116  0.0131  0.0672  1
 478:   0.0070  0.0083  0.7846  0.0181  0.0082  0.0456  0.0330  0.0518  0.0433  1
 479:   0.0168  0.0182  0.0239  0.1030  0.0148  0.0915  0.5663  0.0256  0.1399  1
 480:   0.0079  0.0040  0.0162  0.0262  0.0087  0.0208  0.0122  0.8780  0.0260  1
 481:   0.0030  0.0109  0.0338  0.5969  0.0108  0.1010  0.0313  0.0342  0.1781  1
 482:   0.0040  0.0834  0.0236  0.0358  0.0098  0.0920  0.4936  0.0213  0.2365  1
 483:   0.0040  0.0050  0.0378  0.0479  0.0371  0.0555  0.5577  0.0289  0.2260  1
 484:   0.0040  0.0073  0.0114  0.0147  0.0074  0.7035  0.0074  0.0303  0.2140  1
 485:   0.0040  0.0088  0.0244  0.3576  0.0047  0.0886  0.2591  0.0701  0.1827  1
 486:   0.0117  0.0428  0.1321  0.0582  0.0083  0.4762  0.0479  0.0649  0.1580  1
 487:   0.0031  0.0208  0.0534  0.2464  0.0052  0.1520  0.0737  0.3813  0.0641  1
