   1:   0.0030  0.0119  0.0095  0.0066  0.0050  0.0061  0.9483  0.0096  1
   2:   0.0202  0.0216  0.0167  0.0360  0.0094  0.0187  0.8623  0.0151  1
   3:   0.0058  0.0137  0.0123  0.0154  0.0087  0.0106  0.9245  0.0090  1
   4:   0.0361  0.0180  0.0288  0.0198  0.0361  0.0169  0.8147  0.0295  1
   5:   0.0030  0.0064  0.0070  0.0056  0.0108  0.0070  0.9502  0.0100  1
   6:   0.0050  0.0104  0.0143  0.0156  0.0222  0.0176  0.9043  0.0106  1
   7:   0.0159  0.0105  0.0097  0.0085  0.0662  0.0134  0.8393  0.0364  1
   8:   0.0030  0.0070  0.0050  0.0064  0.0049  0.0084  0.9583  0.0070  1
   9:   0.0428  0.0322  0.0108  0.0281  0.0060  0.0716  0.7892  0.0193  1
  10:   0.0063  0.0070  0.0196  0.0098  0.0141  0.0285  0.8999  0.0149  1
  11:   0.0108  0.0085  0.0059  0.0052  0.0076  0.0072  0.9443  0.0105  1
  12:   0.0369  0.0173  0.0578  0.0298  0.0044  0.0209  0.8205  0.0124  1
  13:   0.0078  0.0266  0.0322  0.0489  0.0331  0.0292  0.7762  0.0460  1
  14:   0.0119  0.0080  0.0070  0.0085  0.0045  0.0075  0.9447  0.0079  1
  15:   0.0062  0.2012  0.0317  0.0232  0.1265  0.1246  0.3492  0.1374  1
  16:   0.0030  0.0409  0.0849  0.0874  0.0054  0.0391  0.7079  0.0313  1
  17:   0.1113  0.0153  0.0305  0.0363  0.0175  0.0290  0.7229  0.0372  1
  18:   0.0040  0.0031  0.0040  0.0040  0.0059  0.0030  0.9717  0.0043  1
  19:   0.0087  0.0050  0.0073  0.0066  0.0062  0.0041  0.9557  0.0064  1
  20:   0.0040  0.0279  0.3787  0.0229  0.0120  0.0278  0.4934  0.0334  1
  21:   0.0061  0.0155  0.0147  0.0206  0.0088  0.0202  0.8791  0.0350  1
  22:   0.0042  0.1225  0.0267  0.0306  0.0099  0.0263  0.6644  0.1154  1
  23:   0.0226  0.0083  0.0060  0.0083  0.0069  0.0093  0.9322  0.0064  1
  24:   0.0040  0.0096  0.0073  0.0060  0.0031  0.0060  0.9590  0.0050  1
  25:   0.0030  0.0074  0.0185  0.0186  0.0030  0.0100  0.9306  0.0089  1
  26:   0.0030  0.1213  0.0764  0.0163  0.0166  0.7137  0.0302  0.0225  1
  27:   0.1250  0.0040  0.0040  0.0040  0.0074  0.0030  0.8477  0.0049  1
  28:   0.0031  0.1647  0.0684  0.0300  0.3601  0.2291  0.0042  0.1404  1
  29:   0.0850  0.0334  0.0453  0.1018  0.0054  0.0603  0.5880  0.0808  1
  30:   0.0070  0.0542  0.0536  0.0498  0.0051  0.1862  0.5975  0.0468  1
  31:   0.0150  0.0335  0.3363  0.1618  0.0382  0.1764  0.1707  0.0680  1
  32:   0.0100  0.0104  0.0098  0.0074  0.0060  0.0074  0.9406  0.0084  1
  33:   0.0130  0.0056  0.0197  0.0050  0.0077  0.0092  0.9346  0.0052  1
  34:   0.0273  0.0162  0.0085  0.0166  0.0831  0.0133  0.8105  0.0245  1
  35:   0.0730  0.0311  0.0580  0.4308  0.0111  0.0460  0.3257  0.0243  1
  36:   0.0048  0.0201  0.0105  0.0263  0.0054  0.0382  0.8729  0.0218  1
  37:   0.0059  0.0407  0.0450  0.0283  0.1455  0.0145  0.6740  0.0462  1
  38:   0.0050  0.0046  0.0050  0.0040  0.0043  0.0035  0.9702  0.0034  1
  39:   0.0070  0.0703  0.0240  0.6378  0.0069  0.1400  0.0975  0.0166  1
  40:   0.0060  0.2203  0.2269  0.0572  0.0058  0.2402  0.0571  0.1865  1
  41:   0.0030  0.0084  0.0076  0.0066  0.0462  0.0070  0.8944  0.0269  1
  42:   0.0090  0.0518  0.0413  0.0243  0.0260  0.0195  0.7767  0.0514  1
  43:   0.0020  0.0486  0.0170  0.0208  0.0053  0.0427  0.8470  0.0165  1
  44:   0.0097  0.0061  0.0065  0.0072  0.0155  0.0070  0.9378  0.0102  1
  45:   0.0170  0.0070  0.0069  0.0063  0.0093  0.0068  0.9371  0.0096  1
  46:   0.0070  0.0182  0.0147  0.0196  0.0076  0.0146  0.9099  0.0084  1
  47:   0.0128  0.0250  0.0181  0.0614  0.0095  0.2062  0.5988  0.0683  1
  48:   0.0040  0.0221  0.0290  0.0284  0.0090  0.0717  0.8103  0.0254  1
  49:   0.0070  0.0123  0.0092  0.0136  0.0082  0.0119  0.9264  0.0114  1
  50:   0.0415  0.4015  0.1804  0.2311  0.0385  0.0160  0.0115  0.0796  1
  51:   0.0175  0.1343  0.0578  0.3606  0.0178  0.1056  0.1473  0.1590  1
  52:   0.0101  0.0256  0.1230  0.2431  0.0070  0.0465  0.5001  0.0446  1
  53:   0.0030  0.0295  0.0301  0.0202  0.0195  0.0387  0.8291  0.0299  1
  54:   0.0060  0.0126  0.0050  0.0087  0.0112  0.0070  0.9371  0.0124  1
  55:   0.0228  0.0050  0.0050  0.0041  0.0100  0.0040  0.9433  0.0058  1
  56:   0.0031  0.0086  0.0070  0.0060  0.0138  0.0067  0.9452  0.0096  1
  57:   0.0099  0.0030  0.0030  0.0029  0.0077  0.0030  0.9665  0.0040  1
  58:   0.0030  0.0126  0.0178  0.0263  0.0050  0.0160  0.9094  0.0099  1
  59:   0.0105  0.0074  0.0114  0.0091  0.0138  0.0085  0.9252  0.0140  1
  60:   0.0107  0.0419  0.0172  0.0428  0.0254  0.0732  0.7403  0.0486  1
  61:   0.0120  0.0293  0.0196  0.0189  0.0194  0.0291  0.8204  0.0514  1
  62:   0.0030  0.0066  0.0117  0.0060  0.0030  0.0096  0.9559  0.0042  1
  63:   0.0040  0.1199  0.0302  0.0140  0.0218  0.0244  0.7669  0.0189  1
  64:   0.0061  0.0758  0.1520  0.0233  0.0093  0.1146  0.5738  0.0451  1
  65:   0.0627  0.0798  0.4146  0.0561  0.0196  0.0528  0.2864  0.0280  1
  66:   0.0060  0.2705  0.0651  0.1001  0.0685  0.0901  0.1084  0.2911  1
  67:   0.0113  0.0131  0.0142  0.0147  0.0091  0.0445  0.8656  0.0275  1
  68:   0.0050  0.0147  0.0074  0.0124  0.0086  0.0159  0.9188  0.0172  1
  69:   0.0263  0.1221  0.3057  0.0346  0.0172  0.0305  0.2888  0.1748  1
  70:   0.0071  0.0050  0.0044  0.0052  0.0030  0.0052  0.9665  0.0036  1
  71:   0.0100  0.0105  0.0094  0.0161  0.0062  0.0084  0.9328  0.0066  1
  72:   0.0020  0.0040  0.0033  0.0030  0.0020  0.0030  0.9795  0.0032  1
  73:   0.0061  0.0611  0.0327  0.0939  0.0044  0.0879  0.6071  0.1067  1
  74:   0.0030  0.0166  0.0064  0.0149  0.0158  0.0167  0.9122  0.0144  1
  75:   0.0040  0.0030  0.0040  0.0060  0.0066  0.0050  0.9653  0.0061  1
  76:   0.0147  0.0238  0.1174  0.0480  0.0070  0.2271  0.4337  0.1282  1
  77:   0.0132  0.0339  0.0592  0.0219  0.0070  0.0274  0.8256  0.0117  1
  78:   0.0358  0.0062  0.0777  0.0096  0.0173  0.0188  0.8147  0.0199  1
  79:   0.0126  0.0030  0.0040  0.0091  0.0220  0.0058  0.9336  0.0098  1
  80:   0.0064  0.0143  0.0151  0.0108  0.0071  0.0105  0.9179  0.0179  1
  81:   0.0085  0.0476  0.2157  0.0802  0.1195  0.0354  0.4058  0.0873  1
  82:   0.0020  0.0040  0.0040  0.0030  0.0048  0.0039  0.9739  0.0044  1
  83:   0.0081  0.0064  0.0090  0.0072  0.0054  0.0073  0.9478  0.0088  1
  84:   0.0050  0.0502  0.0633  0.0323  0.0100  0.0804  0.7424  0.0165  1
  85:   0.0030  0.0030  0.0050  0.0030  0.0030  0.0030  0.9769  0.0031  1
  86:   0.0060  0.2646  0.1583  0.1296  0.0194  0.0953  0.2372  0.0896  1
  87:   0.0247  0.0199  0.0090  0.0338  0.0328  0.0196  0.8155  0.0447  1
  88:   0.0123  0.0089  0.0070  0.0060  0.0071  0.0090  0.9366  0.0131  1
  89:   0.0020  0.0083  0.0080  0.0050  0.0067  0.0051  0.9580  0.0069  1
  90:   0.0048  0.0237  0.0282  0.0566  0.0062  0.0169  0.8479  0.0157  1
  91:   0.0030  0.1871  0.2891  0.0290  0.0092  0.0793  0.2236  0.1797  1
  92:   0.0092  0.0417  0.0137  0.0801  0.0339  0.4993  0.1075  0.2146  1
  93:   0.0060  0.0050  0.0048  0.0055  0.0030  0.0050  0.9656  0.0051  1
  94:   0.0170  0.0077  0.0063  0.0076  0.0086  0.0066  0.9390  0.0072  1
  95:   0.0030  0.0527  0.1525  0.0744  0.0387  0.0575  0.5509  0.0702  1
  96:   0.0030  0.0222  0.2053  0.0783  0.0283  0.3837  0.1107  0.1685  1
  97:   0.0715  0.0279  0.0235  0.0190  0.0249  0.0106  0.8099  0.0127  1
  98:   0.0124  0.0454  0.0549  0.0167  0.0132  0.0275  0.7926  0.0374  1
  99:   0.0080  0.0066  0.0050  0.0105  0.0112  0.0082  0.9422  0.0083  1
 100:   0.0060  0.0149  0.0243  0.0110  0.0184  0.0098  0.8989  0.0167  1
 101:   0.0130  0.0076  0.0110  0.0179  0.0122  0.0272  0.8977  0.0134  1
 102:   0.0152  0.0167  0.0567  0.0204  0.0119  0.0217  0.8357  0.0216  1
 103:   0.0040  0.0421  0.1065  0.1693  0.0131  0.0637  0.5317  0.0696  1
 104:   0.0050  0.0078  0.0070  0.0040  0.0124  0.0050  0.9492  0.0096  1
 105:   0.0118  0.0076  0.0060  0.0050  0.0182  0.0076  0.9354  0.0084  1
 106:   0.0049  0.0040  0.0050  0.0040  0.0092  0.0042  0.9627  0.0060  1
 107:   0.0070  0.0354  0.0251  0.0267  0.0069  0.0729  0.7798  0.0463  1
 108:   0.0079  0.0619  0.0552  0.3714  0.0609  0.1667  0.2179  0.0581  1
 109:   0.0070  0.0120  0.0080  0.0090  0.0030  0.0072  0.9445  0.0093  1
 110:   0.2147  0.1227  0.0961  0.0582  0.0171  0.3793  0.0490  0.0630  1
 111:   0.0050  0.0096  0.0064  0.0060  0.0283  0.0103  0.9229  0.0115  1
 112:   0.0020  0.0045  0.0040  0.0030  0.0030  0.0040  0.9753  0.0042  1
 113:   0.0279  0.0366  0.0148  0.0214  0.4822  0.0225  0.1819  0.2127  1
 114:   0.0097  0.0154  0.0369  0.0281  0.0099  0.0243  0.8577  0.0180  1
 115:   0.0060  0.0064  0.0071  0.0050  0.0167  0.0060  0.9426  0.0102  1
 116:   0.0070  0.0136  0.0148  0.0163  0.0051  0.0392  0.8941  0.0099  1
 117:   0.0070  0.0222  0.3029  0.0462  0.0085  0.0659  0.5093  0.0380  1
 118:   0.0030  0.0099  0.0124  0.0117  0.0030  0.0112  0.9410  0.0078  1
 119:   0.0080  0.0086  0.0175  0.0079  0.0163  0.0322  0.8945  0.0150  1
 120:   0.0030  0.0423  0.0161  0.0576  0.0144  0.0976  0.6948  0.0743  1
 121:   0.0036  0.0379  0.0188  0.0882  0.2093  0.3569  0.1154  0.1698  1
 122:   0.0090  0.0394  0.0176  0.0717  0.0254  0.0379  0.7721  0.0269  1
 123:   0.0050  0.1013  0.1122  0.2122  0.0140  0.3340  0.1872  0.0342  1
 124:   0.0041  0.0044  0.0058  0.0040  0.0542  0.0052  0.8951  0.0272  1
 125:   0.0020  0.0125  0.0174  0.0078  0.0040  0.0103  0.9396  0.0064  1
 126:   0.0606  0.0230  0.0084  0.0328  0.0451  0.0175  0.7837  0.0289  1
 127:   0.0178  0.0338  0.0459  0.0278  0.0099  0.4185  0.3747  0.0716  1
 128:   0.0141  0.0707  0.0783  0.4238  0.0154  0.2678  0.0743  0.0557  1
 129:   0.0040  0.0702  0.0291  0.0226  0.0339  0.0504  0.7013  0.0885  1
 130:   0.0028  0.0128  0.0085  0.0092  0.0119  0.0095  0.9315  0.0138  1
 131:   0.0203  0.0080  0.0080  0.0123  0.0051  0.0103  0.9311  0.0049  1
 132:   0.0463  0.0985  0.0567  0.0374  0.0121  0.0769  0.6470  0.0251  1
 133:   0.0050  0.0050  0.0040  0.0048  0.0047  0.0057  0.9662  0.0046  1
 134:   0.0092  0.0035  0.0040  0.0049  0.0030  0.0040  0.9679  0.0035  1
 135:   0.0128  0.0092  0.0367  0.0326  0.0072  0.0185  0.8647  0.0183  1
 136:   0.0081  0.0489  0.0355  0.0475  0.0084  0.0334  0.7864  0.0318  1
 137:   0.0051  0.0133  0.0421  0.0183  0.0322  0.0486  0.8055  0.0348  1
 138:   0.0059  0.0160  0.0138  0.0117  0.0040  0.0161  0.9264  0.0062  1
 139:   0.0578  0.0791  0.1747  0.0416  0.0123  0.2443  0.3103  0.0799  1
 140:   0.0120  0.0098  0.0190  0.0148  0.0110  0.0106  0.9065  0.0163  1
 141:   0.0556  0.0038  0.0040  0.0056  0.1649  0.0040  0.7239  0.0383  1
 142:   0.0382  0.0381  0.4770  0.0323  0.0166  0.0111  0.3736  0.0132  1
 143:   0.0058  0.0054  0.0060  0.0047  0.0041  0.0050  0.9634  0.0056  1
 144:   0.0050  0.1149  0.2066  0.0407  0.4165  0.0852  0.0163  0.1149  1
 145:   0.0056  0.0589  0.0227  0.0415  0.0714  0.0239  0.7182  0.0578  1
 146:   0.0084  0.0107  0.0060  0.0060  0.0086  0.0070  0.9436  0.0097  1
 147:   0.0070  0.0307  0.0224  0.0225  0.0070  0.0319  0.8633  0.0152  1
 148:   0.0131  0.1107  0.1453  0.1708  0.0219  0.1941  0.0184  0.3258  1
 149:   0.0111  0.0218  0.0301  0.0203  0.0263  0.0194  0.8421  0.0289  1
 150:   0.0054  0.0248  0.0207  0.3602  0.0188  0.4931  0.0322  0.0447  1
 151:   0.0116  0.0066  0.0099  0.0064  0.0060  0.0089  0.9446  0.0060  1
 152:   0.0066  0.1322  0.0140  0.0177  0.0063  0.0792  0.7172  0.0269  1
 153:   0.0076  0.0128  0.0095  0.0150  0.1429  0.0184  0.7447  0.0491  1
 154:   0.0090  0.0072  0.0078  0.0070  0.0030  0.0069  0.9537  0.0054  1
 155:   0.0114  0.0094  0.0118  0.0084  0.0050  0.0116  0.9209  0.0215  1
 156:   0.0071  0.0090  0.0080  0.0099  0.0063  0.0104  0.9389  0.0104  1
 157:   0.0090  0.0271  0.0274  0.0146  0.0562  0.0119  0.8109  0.0429  1
 158:   0.0199  0.2219  0.0896  0.1650  0.1098  0.1296  0.1650  0.0992  1
 159:   0.0172  0.0253  0.0219  0.0106  0.0613  0.0260  0.7961  0.0416  1
 160:   0.0120  0.0179  0.0295  0.0259  0.0138  0.0187  0.8588  0.0234  1
 161:   0.0340  0.0054  0.0050  0.0059  0.0061  0.0064  0.9313  0.0059  1
 162:   0.0077  0.0808  0.0572  0.0189  0.1273  0.0387  0.6179  0.0514  1
 163:   0.0133  0.0107  0.0168  0.0095  0.0060  0.0101  0.9257  0.0079  1
 164:   0.0122  0.0333  0.0830  0.1942  0.0157  0.0504  0.5620  0.0492  1
 165:   0.0040  0.0060  0.0060  0.0050  0.0062  0.0085  0.9578  0.0065  1
 166:   0.0141  0.0185  0.0171  0.0249  0.0069  0.0311  0.8700  0.0174  1
 167:   0.0080  0.0061  0.0105  0.0080  0.0030  0.0040  0.9558  0.0046  1
 168:   0.0070  0.0779  0.1376  0.0302  0.0072  0.0125  0.6962  0.0313  1
 169:   0.0050  0.0091  0.0050  0.0086  0.0079  0.0121  0.9430  0.0093  1
 170:   0.0153  0.0774  0.5822  0.0867  0.0144  0.0164  0.0262  0.1814  1
 171:   0.0066  0.1147  0.0419  0.0118  0.0147  0.0293  0.7534  0.0277  1
 172:   0.0162  0.1563  0.0307  0.2556  0.0136  0.0205  0.4351  0.0719  1
 173:   0.0084  0.0144  0.0183  0.0106  0.0128  0.0217  0.9003  0.0135  1
 174:   0.0052  0.0172  0.0152  0.0228  0.0057  0.0223  0.9025  0.0091  1
 175:   0.0038  0.0062  0.0050  0.0050  0.0030  0.0040  0.9691  0.0039  1
 176:   0.1319  0.0335  0.0245  0.0285  0.0187  0.0969  0.6316  0.0345  1
 177:   0.0080  0.0048  0.0060  0.0064  0.0046  0.0050  0.9580  0.0072  1
 178:   0.0101  0.0185  0.0084  0.0174  0.0078  0.0136  0.9140  0.0102  1
 179:   0.3234  0.0044  0.0040  0.0040  0.0046  0.0030  0.6532  0.0034  1
 180:   0.0030  0.0050  0.0070  0.0060  0.0031  0.0050  0.9667  0.0042  1
 181:   0.0030  0.0066  0.9236  0.0248  0.0094  0.0123  0.0091  0.0112  1
 182:   0.0020  0.0168  0.0417  0.1409  0.0051  0.0255  0.7518  0.0163  1
 183:   0.0025  0.0121  0.0078  0.0080  0.0049  0.0158  0.9388  0.0101  1
 184:   0.0050  0.0474  0.0589  0.3096  0.0816  0.1871  0.2260  0.0843  1
 185:   0.0060  0.0096  0.0084  0.0094  0.0185  0.0088  0.9254  0.0139  1
 186:   0.0060  0.0398  0.1895  0.0488  0.0176  0.0228  0.6606  0.0148  1
 187:   0.0090  0.0448  0.1228  0.0331  0.0185  0.0678  0.6364  0.0675  1
 188:   0.0030  0.0030  0.0031  0.0030  0.0030  0.0030  0.9785  0.0034  1
 189:   0.0020  0.0110  0.0194  0.0092  0.0328  0.0497  0.8591  0.0167  1
 190:   0.0026  0.0740  0.0961  0.0565  0.0176  0.0309  0.6996  0.0227  1
 191:   0.0070  0.0809  0.0796  0.0436  0.0105  0.0261  0.7394  0.0130  1
 192:   0.0040  0.0140  0.0263  0.0074  0.0075  0.0070  0.9262  0.0076  1
 193:   0.0125  0.0282  0.0234  0.0148  0.0382  0.0227  0.8321  0.0281  1
 194:   0.0286  0.1071  0.0721  0.0842  0.0918  0.1179  0.4531  0.0451  1
 195:   0.0108  0.0795  0.0240  0.1181  0.0078  0.0580  0.6734  0.0285  1
 196:   0.0136  0.0030  0.0030  0.0040  0.0040  0.0043  0.9646  0.0035  1
 197:   0.0040  0.0050  0.0080  0.0074  0.0079  0.0076  0.9534  0.0067  1
 198:   0.0070  0.1573  0.0715  0.2754  0.0068  0.2561  0.0203  0.2056  1
 199:   0.0322  0.0795  0.0949  0.6699  0.0142  0.0668  0.0195  0.0230  1
 200:   0.0056  0.2121  0.0212  0.0256  0.1848  0.0434  0.0117  0.4956  1
 201:   0.0040  0.2091  0.1009  0.3956  0.1333  0.0435  0.0095  0.1041  1
 202:   0.0117  0.0985  0.4016  0.1268  0.0100  0.1782  0.1395  0.0338  1
 203:   0.0031  0.2035  0.0873  0.0992  0.0181  0.1834  0.0131  0.3923  1
 204:   0.0080  0.0463  0.7535  0.1038  0.0100  0.0246  0.0155  0.0382  1
 205:   0.0070  0.1350  0.0141  0.5121  0.0157  0.2887  0.0080  0.0193  1
 206:   0.0034  0.2464  0.0288  0.4811  0.0066  0.0320  0.0098  0.1919  1
 207:   0.0061  0.5383  0.0144  0.0206  0.0136  0.0577  0.0133  0.3360  1
 208:   0.0050  0.0850  0.1458  0.2051  0.0063  0.4955  0.0060  0.0513  1
 209:   0.0040  0.1781  0.3753  0.1344  0.0034  0.2346  0.0464  0.0238  1
 210:   0.0060  0.1428  0.2178  0.0269  0.0054  0.2140  0.0189  0.3682  1
 211:   0.0310  0.2755  0.0524  0.1415  0.0215  0.1648  0.0133  0.3000  1
 212:   0.0040  0.0438  0.7228  0.0827  0.0119  0.0674  0.0100  0.0575  1
 213:   0.0070  0.0256  0.4469  0.1591  0.0066  0.3091  0.0205  0.0253  1
 214:   0.1097  0.6859  0.0097  0.0209  0.0989  0.0150  0.0201  0.0398  1
 215:   0.0030  0.2423  0.0743  0.5874  0.0040  0.0639  0.0074  0.0177  1
 216:   0.0055  0.3989  0.0559  0.0573  0.0067  0.0948  0.1283  0.2527  1
 217:   0.0086  0.3116  0.0372  0.1819  0.0604  0.2142  0.0050  0.1812  1
 218:   0.0050  0.0243  0.0278  0.0678  0.1037  0.4717  0.0084  0.2914  1
 219:   0.0303  0.3185  0.0208  0.0785  0.0073  0.0572  0.0064  0.4810  1
 220:   0.0020  0.5200  0.0282  0.3789  0.0070  0.0245  0.0128  0.0265  1
 221:   0.0226  0.5859  0.1241  0.1154  0.0084  0.0461  0.0208  0.0767  1
 222:   0.0150  0.0835  0.0238  0.0534  0.0281  0.5921  0.0535  0.1505  1
 223:   0.0092  0.0668  0.1045  0.0725  0.0813  0.4019  0.0685  0.1952  1
 224:   0.0030  0.0890  0.1743  0.2442  0.0050  0.3994  0.0148  0.0703  1
 225:   0.0052  0.5582  0.0677  0.0335  0.0118  0.0544  0.0116  0.2576  1
 226:   0.0040  0.0350  0.1859  0.7171  0.0152  0.0128  0.0088  0.0212  1
 227:   0.0116  0.2424  0.0556  0.2885  0.0173  0.2798  0.0176  0.0872  1
 228:   0.0200  0.1387  0.0137  0.1980  0.0070  0.1889  0.0089  0.4248  1
 229:   0.0020  0.7862  0.0849  0.0490  0.0054  0.0398  0.0050  0.0276  1
 230:   0.0685  0.0688  0.1588  0.3056  0.0822  0.2068  0.0347  0.0745  1
 231:   0.0080  0.0474  0.3558  0.2326  0.0130  0.1432  0.0052  0.1948  1
 232:   0.0030  0.0332  0.0155  0.0743  0.0054  0.8350  0.0089  0.0247  1
 233:   0.0050  0.1335  0.1304  0.2921  0.0089  0.1368  0.0739  0.2196  1
 234:   0.0061  0.0389  0.0191  0.8182  0.0278  0.0347  0.0194  0.0358  1
 235:   0.0302  0.1441  0.0552  0.1884  0.0124  0.5287  0.0109  0.0302  1
 236:   0.0182  0.1031  0.3574  0.0434  0.1466  0.0546  0.0089  0.2678  1
 237:   0.0040  0.0141  0.0111  0.0181  0.0060  0.9043  0.0070  0.0354  1
 238:   0.0074  0.0797  0.0237  0.0400  0.0166  0.6324  0.0260  0.1741  1
 239:   0.0030  0.0446  0.0141  0.0405  0.0030  0.8169  0.0073  0.0706  1
 240:   0.0706  0.0498  0.0114  0.3678  0.0666  0.3580  0.0061  0.0697  1
 241:   0.0105  0.0135  0.0727  0.8586  0.0074  0.0162  0.0108  0.0102  1
 242:   0.0042  0.3363  0.3712  0.1277  0.0097  0.0566  0.0193  0.0750  1
 243:   0.0040  0.1366  0.0750  0.3815  0.0262  0.1268  0.0129  0.2370  1
 244:   0.0040  0.2178  0.2956  0.0521  0.0317  0.1212  0.0142  0.2633  1
 245:   0.0121  0.0953  0.3852  0.0523  0.1293  0.1596  0.0114  0.1548  1
 246:   0.0050  0.0515  0.0168  0.2339  0.0108  0.6432  0.0134  0.0255  1
 247:   0.0078  0.1290  0.7011  0.0565  0.0070  0.0718  0.0112  0.0156  1
 248:   0.0030  0.1047  0.6617  0.1301  0.0194  0.0304  0.0082  0.0426  1
 249:   0.0042  0.6877  0.0241  0.0143  0.0061  0.2374  0.0074  0.0188  1
 250:   0.0050  0.0171  0.0647  0.7809  0.0139  0.0741  0.0070  0.0374  1
 251:   0.0584  0.0306  0.4526  0.0763  0.0183  0.2321  0.0194  0.1122  1
 252:   0.0030  0.7946  0.0716  0.0177  0.0131  0.0805  0.0054  0.0142  1
 253:   0.0178  0.0393  0.0220  0.4183  0.0614  0.3343  0.0100  0.0970  1
 254:   0.0025  0.2183  0.0198  0.3285  0.0257  0.0967  0.0376  0.2710  1
 255:   0.0020  0.0869  0.0828  0.4361  0.0040  0.1081  0.1270  0.1529  1
 256:   0.0040  0.0211  0.2986  0.3604  0.0043  0.2042  0.0067  0.1007  1
 257:   0.0083  0.4608  0.0442  0.0553  0.0067  0.0536  0.0180  0.3532  1
 258:   0.0030  0.0066  0.0216  0.9331  0.0055  0.0115  0.0109  0.0078  1
 259:   0.0160  0.0370  0.0326  0.7330  0.0073  0.1177  0.0109  0.0455  1
 260:   0.0089  0.0969  0.2723  0.2444  0.0303  0.0806  0.0229  0.2437  1
 261:   0.0060  0.1068  0.0396  0.1273  0.0400  0.2228  0.0164  0.4411  1
 262:   0.0040  0.2160  0.0222  0.1354  0.0044  0.5656  0.0402  0.0122  1
 263:   0.0030  0.6898  0.0675  0.0620  0.0213  0.0993  0.0135  0.0434  1
 264:   0.0030  0.1962  0.0618  0.1584  0.0065  0.1899  0.0139  0.3703  1
 265:   0.0066  0.0587  0.0096  0.0462  0.0060  0.5160  0.0085  0.3485  1
 266:   0.0030  0.2296  0.0950  0.1710  0.0073  0.2111  0.0061  0.2769  1
 267:   0.0050  0.8150  0.0266  0.0248  0.0224  0.0188  0.0082  0.0792  1
 268:   0.0030  0.1112  0.2984  0.4077  0.0091  0.0840  0.0097  0.0770  1
 269:   0.0466  0.5167  0.0338  0.0305  0.0110  0.2929  0.0107  0.0579  1
 270:   0.0020  0.0930  0.0590  0.0354  0.0154  0.5403  0.0619  0.1929  1
 271:   0.0055  0.0868  0.0176  0.3823  0.0098  0.4053  0.0115  0.0811  1
 272:   0.0132  0.0690  0.0212  0.1209  0.0413  0.3578  0.0205  0.3562  1
 273:   0.0147  0.0470  0.0516  0.4730  0.0104  0.0238  0.0064  0.3731  1
 274:   0.0067  0.9025  0.0136  0.0193  0.0096  0.0223  0.0138  0.0122  1
 275:   0.0060  0.2225  0.0996  0.2654  0.0102  0.3271  0.0126  0.0566  1
 276:   0.0050  0.1342  0.3291  0.0669  0.0054  0.0299  0.0068  0.4227  1
 277:   0.0030  0.0777  0.1419  0.3689  0.0101  0.1965  0.0050  0.1969  1
 278:   0.0374  0.1853  0.0170  0.0294  0.0076  0.6133  0.0060  0.1039  1
 279:   0.0051  0.1487  0.1096  0.0163  0.0202  0.2761  0.0727  0.3512  1
 280:   0.0069  0.0310  0.0435  0.7531  0.0080  0.1006  0.0067  0.0502  1
 281:   0.0111  0.1287  0.2373  0.3950  0.0112  0.1234  0.0112  0.0821  1
 282:   0.0030  0.0436  0.3768  0.4510  0.0110  0.0527  0.0212  0.0407  1
 283:   0.0130  0.1437  0.0411  0.1798  0.0052  0.1415  0.0062  0.4695  1
 284:   0.0030  0.0265  0.3756  0.2100  0.0070  0.1945  0.0168  0.1666  1
 285:   0.0105  0.1067  0.3384  0.4284  0.0470  0.0165  0.0222  0.0303  1
 286:   0.0053  0.1296  0.1350  0.4238  0.0171  0.1221  0.0076  0.1595  1
 287:   0.0154  0.0992  0.0429  0.5994  0.0116  0.1492  0.0060  0.0764  1
 288:   0.0040  0.1457  0.1219  0.4633  0.0111  0.0851  0.0130  0.1560  1
 289:   0.0040  0.0208  0.4691  0.1510  0.0136  0.1555  0.0137  0.1722  1
 290:   0.0062  0.1869  0.1787  0.1158  0.0525  0.2004  0.1674  0.0919  1
 291:   0.0040  0.0192  0.0813  0.7045  0.0243  0.0843  0.0030  0.0793  1
 292:   0.0058  0.0349  0.0110  0.2723  0.0061  0.5902  0.0294  0.0503  1
 293:   0.0030  0.5476  0.0268  0.0354  0.0056  0.3153  0.0089  0.0574  1
 294:   0.0626  0.1111  0.6932  0.0782  0.0062  0.0286  0.0101  0.0100  1
 295:   0.0260  0.2893  0.0701  0.0521  0.0206  0.1133  0.0074  0.4212  1
 296:   0.0020  0.0838  0.0545  0.0365  0.0126  0.7451  0.0168  0.0486  1
 297:   0.0313  0.0129  0.1435  0.2899  0.0292  0.4152  0.0285  0.0494  1
 298:   0.0030  0.0420  0.0436  0.0729  0.0079  0.7224  0.0332  0.0749  1
 299:   0.0040  0.8111  0.0119  0.1344  0.0054  0.0145  0.0040  0.0148  1
 300:   0.0049  0.0335  0.8083  0.0744  0.0137  0.0329  0.0079  0.0245  1
 301:   0.0121  0.0635  0.0964  0.1947  0.0710  0.1779  0.1147  0.2697  1
 302:   0.0044  0.1433  0.4002  0.0224  0.0364  0.0698  0.0067  0.3168  1
 303:   0.0205  0.0732  0.0258  0.3487  0.0067  0.3431  0.0050  0.1771  1
 304:   0.0080  0.2481  0.2237  0.3345  0.0155  0.0772  0.0136  0.0794  1
 305:   0.0049  0.6511  0.0875  0.0468  0.0110  0.0370  0.0160  0.1458  1
 306:   0.0040  0.0147  0.0550  0.8785  0.0040  0.0164  0.0130  0.0144  1
 307:   0.0143  0.0826  0.5788  0.1174  0.0221  0.0205  0.0609  0.1034  1
 308:   0.0030  0.1720  0.2451  0.3197  0.0098  0.1492  0.0040  0.0972  1
 309:   0.0028  0.1947  0.0311  0.0477  0.0108  0.5863  0.0144  0.1122  1
 310:   0.0110  0.1012  0.3314  0.0732  0.0080  0.3195  0.0080  0.1477  1
 311:   0.0050  0.0101  0.0350  0.2762  0.0166  0.5872  0.0329  0.0370  1
 312:   0.0066  0.1264  0.0214  0.0493  0.0139  0.2095  0.0204  0.5524  1
 313:   0.0030  0.0243  0.0590  0.2849  0.0108  0.4368  0.0324  0.1488  1
 314:   0.0030  0.0243  0.0131  0.0290  0.0073  0.4850  0.0060  0.4323  1
 315:   0.0146  0.2952  0.2210  0.1855  0.0192  0.0924  0.0120  0.1601  1
 316:   0.0034  0.8406  0.0264  0.0667  0.0064  0.0337  0.0101  0.0127  1
 317:   0.0050  0.2806  0.0355  0.0302  0.0092  0.2115  0.0050  0.4229  1
 318:   0.0056  0.0148  0.0333  0.7092  0.0056  0.0573  0.0307  0.1435  1
 319:   0.0047  0.0323  0.8284  0.0278  0.0040  0.0544  0.0133  0.0352  1
 320:   0.0322  0.7520  0.0236  0.0718  0.0119  0.0317  0.0119  0.0649  1
 321:   0.0083  0.7859  0.0114  0.1317  0.0101  0.0155  0.0111  0.0260  1
 322:   0.0040  0.2306  0.2310  0.0384  0.0053  0.4133  0.0521  0.0253  1
 323:   0.0040  0.1087  0.4962  0.2514  0.0154  0.0581  0.0112  0.0551  1
 324:   0.0047  0.0141  0.1244  0.7976  0.0104  0.0199  0.0072  0.0217  1
 325:   0.0145  0.0690  0.0474  0.7049  0.0119  0.0260  0.0132  0.1131  1
 326:   0.0020  0.0179  0.8255  0.1003  0.0085  0.0241  0.0040  0.0176  1
 327:   0.0105  0.4205  0.0479  0.0112  0.0062  0.0552  0.0079  0.4407  1
 328:   0.0060  0.2181  0.0185  0.0534  0.0907  0.1089  0.0087  0.4957  1
 329:   0.0054  0.0534  0.4365  0.0628  0.0137  0.3200  0.0062  0.1020  1
 330:   0.0055  0.0787  0.0313  0.2037  0.0287  0.3812  0.0081  0.2628  1
 331:   0.0032  0.0571  0.0191  0.5817  0.0058  0.3043  0.0040  0.0248  1
 332:   0.0093  0.0572  0.0487  0.0985  0.0188  0.5177  0.1144  0.1355  1
 333:   0.0030  0.0329  0.0327  0.0994  0.0044  0.7791  0.0240  0.0245  1
 334:   0.0365  0.0301  0.1370  0.3249  0.0453  0.3273  0.0697  0.0293  1
 335:   0.0504  0.0332  0.2115  0.5384  0.0150  0.0251  0.0090  0.1175  1
 336:   0.0020  0.1647  0.0381  0.0524  0.0044  0.5653  0.0060  0.1672  1
 337:   0.0042  0.0188  0.0559  0.1540  0.0073  0.6357  0.0046  0.1194  1
 338:   0.0080  0.0199  0.1637  0.5226  0.0069  0.1514  0.0158  0.1117  1
 339:   0.0030  0.1523  0.3290  0.1858  0.0242  0.1320  0.0488  0.1249  1
 340:   0.0207  0.0469  0.0135  0.1061  0.0040  0.6561  0.0173  0.1353  1
 341:   0.0040  0.1660  0.1920  0.4135  0.0079  0.0905  0.0067  0.1194  1
 342:   0.0050  0.0280  0.7663  0.1517  0.0073  0.0086  0.0229  0.0101  1
 343:   0.0030  0.0690  0.2194  0.5030  0.0157  0.1029  0.0059  0.0811  1
 344:   0.0035  0.3202  0.0073  0.0584  0.0046  0.0354  0.0048  0.5658  1
 345:   0.0024  0.1590  0.0068  0.0987  0.0069  0.2664  0.0074  0.4523  1
 346:   0.0040  0.7937  0.0456  0.0305  0.0111  0.0717  0.0110  0.0324  1
 347:   0.0070  0.3866  0.0625  0.0958  0.0159  0.1144  0.0094  0.3084  1
 348:   0.0167  0.6110  0.0181  0.0778  0.0131  0.0388  0.0156  0.2089  1
 349:   0.0050  0.1135  0.1100  0.1070  0.0060  0.4260  0.0684  0.1641  1
 350:   0.0030  0.2676  0.0307  0.0916  0.0040  0.2340  0.0106  0.3584  1
 351:   0.0044  0.0162  0.9250  0.0217  0.0054  0.0149  0.0040  0.0084  1
 352:   0.0431  0.2055  0.0720  0.1041  0.0956  0.2879  0.0295  0.1622  1
 353:   0.0060  0.3498  0.2172  0.0982  0.0141  0.1450  0.0090  0.1607  1
 354:   0.0083  0.4392  0.0221  0.0521  0.0074  0.0375  0.0077  0.4257  1
 355:   0.0120  0.1455  0.0179  0.0641  0.0270  0.2336  0.0106  0.4893  1
 356:   0.0368  0.0864  0.0991  0.5744  0.0050  0.1458  0.0139  0.0385  1
 357:   0.0042  0.2947  0.1044  0.0692  0.0312  0.1416  0.0408  0.3138  1
 358:   0.0060  0.1668  0.0264  0.0320  0.0048  0.6903  0.0109  0.0629  1
 359:   0.0641  0.7212  0.0181  0.0410  0.0276  0.0417  0.0161  0.0702  1
 360:   0.0091  0.0173  0.0183  0.0339  0.0470  0.6723  0.0577  0.1443  1
 361:   0.0090  0.1656  0.2367  0.1484  0.0142  0.2914  0.0144  0.1203  1
 362:   0.0020  0.1675  0.1651  0.1313  0.1260  0.0673  0.0070  0.3338  1
 363:   0.0136  0.0374  0.1179  0.1722  0.0619  0.4772  0.0122  0.1076  1
 364:   0.0096  0.5654  0.1537  0.1018  0.0204  0.0855  0.0065  0.0570  1
 365:   0.0184  0.0605  0.7169  0.1221  0.0153  0.0306  0.0229  0.0133  1
 366:   0.0291  0.0845  0.0460  0.0605  0.0162  0.6496  0.0135  0.1006  1
 367:   0.0056  0.0061  0.0132  0.9402  0.0067  0.0142  0.0053  0.0087  1
 368:   0.0040  0.9203  0.0062  0.0079  0.0032  0.0402  0.0048  0.0134  1
 369:   0.0030  0.1178  0.0345  0.0245  0.0088  0.7084  0.0040  0.0989  1
 370:   0.0030  0.0485  0.0747  0.6634  0.0033  0.1357  0.0065  0.0649  1
 371:   0.0040  0.0487  0.3758  0.0171  0.0127  0.3538  0.0243  0.1635  1
 372:   0.0070  0.0157  0.7699  0.0892  0.0057  0.0927  0.0041  0.0157  1
 373:   0.0050  0.6799  0.0406  0.0608  0.0121  0.1375  0.0074  0.0567  1
 374:   0.0084  0.3781  0.0865  0.0934  0.0110  0.0949  0.0147  0.3131  1
 375:   0.0049  0.6057  0.0127  0.1350  0.0372  0.1454  0.0061  0.0529  1
 376:   0.0090  0.0398  0.1447  0.7005  0.0072  0.0794  0.0050  0.0144  1
 377:   0.0084  0.2541  0.1384  0.0472  0.0129  0.4053  0.0210  0.1127  1
 378:   0.0050  0.0519  0.0827  0.3016  0.0157  0.3937  0.0128  0.1366  1
 379:   0.0112  0.4414  0.0371  0.0194  0.0445  0.0472  0.0261  0.3731  1
 380:   0.0060  0.1452  0.2619  0.1275  0.0152  0.4021  0.0102  0.0318  1
 381:   0.0040  0.0282  0.2293  0.3030  0.1228  0.1590  0.0097  0.1439  1
 382:   0.0644  0.0268  0.0411  0.1453  0.0040  0.5630  0.0363  0.1192  1
 383:   0.0050  0.1993  0.0910  0.3114  0.0039  0.3335  0.0303  0.0256  1
 384:   0.0044  0.0528  0.1030  0.1178  0.0100  0.4531  0.0202  0.2387  1
 385:   0.0040  0.0214  0.1254  0.0216  0.0073  0.7910  0.0156  0.0138  1
 386:   0.0226  0.0249  0.7849  0.0717  0.0042  0.0727  0.0078  0.0112  1
 387:   0.0315  0.0206  0.2278  0.0425  0.0050  0.5808  0.0492  0.0427  1
 388:   0.0050  0.0374  0.0559  0.4280  0.0249  0.3381  0.0316  0.0791  1
 389:   0.0282  0.0854  0.0343  0.6383  0.0194  0.1435  0.0235  0.0274  1
 390:   0.0020  0.2102  0.1217  0.0403  0.0173  0.1211  0.0100  0.4774  1
 391:   0.0040  0.0371  0.1797  0.4789  0.0432  0.2237  0.0071  0.0262  1
 392:   0.0040  0.2646  0.2710  0.4023  0.0080  0.0285  0.0114  0.0102  1
 393:   0.0040  0.0388  0.6019  0.1713  0.0134  0.1319  0.0165  0.0222  1
 394:   0.0093  0.1843  0.0316  0.0891  0.0219  0.4797  0.0749  0.1093  1
 395:   0.0223  0.0100  0.0687  0.8004  0.0201  0.0272  0.0314  0.0198  1
 396:   0.0172  0.0107  0.0220  0.8346  0.0563  0.0218  0.0107  0.0267  1
 397:   0.0050  0.0483  0.0077  0.6718  0.0130  0.0994  0.0060  0.1488  1
 398:   0.0034  0.8363  0.1107  0.0166  0.0040  0.0114  0.0071  0.0105  1
 399:   0.0020  0.0215  0.4066  0.2832  0.0060  0.2343  0.0074  0.0390  1
 400:   0.0020  0.6591  0.0215  0.1607  0.0126  0.0202  0.0053  0.1187  1
 401:   0.0171  0.1490  0.2578  0.2509  0.0134  0.1102  0.0070  0.1946  1
 402:   0.0109  0.7961  0.0418  0.0076  0.0388  0.0402  0.0235  0.0411  1
 403:   0.0040  0.1672  0.2958  0.0449  0.0150  0.3978  0.0112  0.0642  1
 404:   0.0020  0.0544  0.0414  0.1284  0.0081  0.6055  0.0035  0.1567  1
 405:   0.0020  0.8691  0.0438  0.0309  0.0035  0.0345  0.0040  0.0122  1
 406:   0.0253  0.2246  0.0329  0.1171  0.0214  0.0684  0.0086  0.5016  1
 407:   0.0065  0.0353  0.6223  0.2416  0.0074  0.0163  0.0121  0.0585  1
 408:   0.0162  0.4175  0.0997  0.0503  0.0321  0.0888  0.0089  0.2866  1
 409:   0.0070  0.0251  0.1515  0.3817  0.0801  0.2906  0.0040  0.0601  1
 410:   0.0044  0.0928  0.5741  0.0505  0.0179  0.0263  0.0034  0.2307  1
 411:   0.0040  0.6712  0.0223  0.0454  0.0054  0.1741  0.0206  0.0570  1
 412:   0.0174  0.1347  0.0182  0.1398  0.0190  0.1045  0.4212  0.1452  1
 413:   0.0059  0.0630  0.0194  0.0648  0.0046  0.4472  0.0054  0.3897  1
 414:   0.0163  0.2292  0.0751  0.0918  0.0052  0.5205  0.0224  0.0396  1
 415:   0.0111  0.1488  0.0900  0.6528  0.0055  0.0649  0.0066  0.0204  1
 416:   0.0060  0.0253  0.0337  0.8451  0.0147  0.0335  0.0050  0.0367  1
 417:   0.0088  0.0398  0.2017  0.0480  0.0182  0.6023  0.0162  0.0649  1
 418:   0.0020  0.0741  0.0808  0.0789  0.0052  0.7194  0.0050  0.0347  1
 419:   0.0061  0.2389  0.2343  0.1778  0.0110  0.0558  0.0174  0.2587  1
 420:   0.0080  0.0329  0.5122  0.1292  0.0075  0.2544  0.0122  0.0436  1
 421:   0.0060  0.0351  0.1897  0.4947  0.0060  0.1086  0.0099  0.1500  1
 422:   0.0067  0.0338  0.1960  0.7022  0.0050  0.0325  0.0060  0.0177  1
 423:   0.0030  0.0515  0.1081  0.1077  0.0050  0.6930  0.0094  0.0222  1
 424:   0.0091  0.0827  0.0294  0.6433  0.0060  0.1420  0.0105  0.0769  1
 425:   0.0050  0.0414  0.6230  0.0225  0.0149  0.2021  0.0268  0.0642  1
 426:   0.0056  0.0534  0.6475  0.0628  0.0445  0.0418  0.0443  0.1001  1
 427:   0.0070  0.1302  0.0937  0.3104  0.0084  0.2667  0.0879  0.0956  1
 428:   0.0050  0.3853  0.0714  0.1640  0.0223  0.2194  0.0055  0.1273  1
 429:   0.0109  0.1875  0.0540  0.0918  0.0326  0.1165  0.1953  0.3114  1
 430:   0.0057  0.0138  0.2744  0.1687  0.0322  0.3972  0.0364  0.0716  1
 431:   0.0034  0.8091  0.0646  0.0274  0.0422  0.0163  0.0082  0.0288  1
 432:   0.0331  0.0780  0.0672  0.6495  0.0229  0.1041  0.0131  0.0320  1
 433:   0.0064  0.0777  0.0630  0.4365  0.0074  0.1217  0.0094  0.2779  1
 434:   0.0020  0.1574  0.1547  0.4622  0.0132  0.1525  0.0083  0.0497  1
 435:   0.0087  0.4673  0.1426  0.1431  0.0381  0.1355  0.0352  0.0296  1
 436:   0.0161  0.2091  0.1560  0.0876  0.0542  0.2576  0.0125  0.2070  1
 437:   0.0030  0.1950  0.1475  0.3206  0.0041  0.1370  0.0243  0.1685  1
 438:   0.0076  0.0294  0.0969  0.1804  0.0161  0.6043  0.0247  0.0406  1
 439:   0.0040  0.0679  0.0909  0.5315  0.0229  0.0960  0.0101  0.1766  1
 440:   0.0080  0.2295  0.2437  0.1945  0.0245  0.2423  0.0073  0.0501  1
 441:   0.0111  0.1066  0.4355  0.1925  0.0606  0.0641  0.0061  0.1234  1
 442:   0.0030  0.0134  0.0117  0.8470  0.0054  0.0830  0.0040  0.0325  1
 443:   0.0424  0.4183  0.0398  0.0601  0.0506  0.1790  0.1805  0.0291  1
 444:   0.0030  0.0295  0.1229  0.0253  0.0075  0.7820  0.0165  0.0133  1
 445:   0.0040  0.1736  0.0216  0.0387  0.0074  0.6604  0.0072  0.0871  1
 446:   0.0030  0.1598  0.0918  0.4604  0.0276  0.0455  0.0060  0.2060  1
 447:   0.0050  0.9472  0.0122  0.0050  0.0040  0.0106  0.0040  0.0119  1
 448:   0.0050  0.2429  0.0613  0.0603  0.0324  0.1227  0.0054  0.4700  1
 449:   0.0076  0.4693  0.0643  0.0406  0.0208  0.2480  0.0030  0.1463  1
 450:   0.0132  0.2221  0.0674  0.0444  0.0907  0.1529  0.0149  0.3945  1
 451:   0.0044  0.0753  0.1823  0.0499  0.0494  0.0872  0.0094  0.5422  1
 452:   0.0060  0.0603  0.4918  0.0590  0.0060  0.1858  0.1442  0.0468  1
 453:   0.0040  0.1406  0.3009  0.0800  0.0269  0.3641  0.0033  0.0802  1
 454:   0.0061  0.0181  0.0356  0.1695  0.0060  0.4736  0.0047  0.2863  1
 455:   0.0030  0.0389  0.3005  0.0285  0.0030  0.6003  0.0119  0.0139  1
 456:   0.0030  0.0280  0.0755  0.7075  0.0502  0.0875  0.0050  0.0433  1
 457:   0.0034  0.1429  0.0239  0.0414  0.0107  0.1926  0.0089  0.5763  1
 458:   0.0050  0.6694  0.0760  0.0551  0.0124  0.0688  0.0050  0.1083  1
 459:   0.0040  0.1958  0.0588  0.0606  0.0085  0.2097  0.0092  0.4533  1
 460:   0.0060  0.6416  0.0917  0.1678  0.0140  0.0335  0.0040  0.0414  1
 461:   0.0122  0.0572  0.5645  0.0293  0.0107  0.2133  0.0053  0.1075  1
 462:   0.0091  0.2280  0.1439  0.4109  0.0050  0.0372  0.0326  0.1333  1
 463:   0.0152  0.5099  0.0511  0.0380  0.0414  0.1517  0.0081  0.1847  1
 464:   0.0234  0.1834  0.0710  0.4417  0.0054  0.1222  0.0610  0.0918  1
 465:   0.0063  0.0140  0.0100  0.8992  0.0068  0.0218  0.0044  0.0375  1
 466:   0.0301  0.0158  0.0162  0.0121  0.0061  0.8769  0.0311  0.0117  1
 467:   0.0136  0.1278  0.1175  0.4797  0.0060  0.0544  0.0058  0.1951  1
 468:   0.0040  0.1351  0.1046  0.0338  0.0108  0.0202  0.6612  0.0304  1
 469:   0.0030  0.3745  0.2804  0.1898  0.0041  0.0414  0.0110  0.0958  1
 470:   0.0079  0.3262  0.3288  0.1130  0.0422  0.0402  0.0546  0.0871  1
 471:   0.0040  0.2169  0.0427  0.0447  0.0738  0.2790  0.0060  0.3329  1
 472:   0.0030  0.1817  0.0293  0.0271  0.0064  0.7343  0.0068  0.0114  1
 473:   0.0045  0.3398  0.0423  0.2316  0.0401  0.0640  0.1685  0.1092  1
 474:   0.0030  0.0905  0.0431  0.7934  0.0099  0.0203  0.0100  0.0298  1
 475:   0.0030  0.2422  0.1120  0.0312  0.3205  0.0796  0.0195  0.1921  1
 476:   0.0040  0.1900  0.0770  0.0635  0.0159  0.1740  0.0853  0.3902  1
 477:   0.0061  0.0136  0.0102  0.8997  0.0068  0.0220  0.0044  0.0372  1
 478:   0.0072  0.0391  0.8130  0.0258  0.0088  0.0664  0.0090  0.0307  1
 479:   0.0184  0.6930  0.0562  0.0893  0.0160  0.0427  0.0186  0.0659  1
 480:   0.0075  0.0141  0.0217  0.0249  0.0088  0.9077  0.0043  0.0110  1
 481:   0.0030  0.0496  0.0562  0.7799  0.0122  0.0334  0.0113  0.0545  1
 482:   0.0040  0.7577  0.0574  0.0268  0.0105  0.0304  0.0912  0.0220  1
 483:   0.0040  0.6487  0.1331  0.0447  0.0548  0.0746  0.0059  0.0342  1
 484:   0.0045  0.0767  0.0355  0.0450  0.0116  0.2622  0.0108  0.5537  1
 485:   0.0040  0.3050  0.0336  0.4671  0.0051  0.1066  0.0090  0.0697  1
 486:   0.0140  0.0857  0.2694  0.1381  0.0103  0.1497  0.0580  0.2747  1
 487:   0.0038  0.1019  0.0879  0.3565  0.0056  0.3433  0.0242  0.0769  1
 488:   0.0040  0.0705  0.0207  0.7215  0.0479  0.0315  0.0096  0.0942  1
 489:   0.0084  0.0391  0.2107  0.2081  0.0101  0.4795  0.0185  0.0257  1
 490:   0.0040  0.4946  0.0589  0.0415  0.0141  0.2946  0.0068  0.0855  1
 491:   0.0020  0.8192  0.1027  0.0189  0.0036  0.0375  0.0050  0.0111  1
 492:   0.0080  0.1726  0.0292  0.5453  0.0152  0.1548  0.0030  0.0718  1
 493:   0.0030  0.9623  0.0074  0.0058  0.0034  0.0074  0.0033  0.0074  1
 494:   0.0030  0.0502  0.5669  0.2306  0.0064  0.1115  0.0090  0.0224  1
 495:   0.0030  0.3041  0.0098  0.1378  0.0087  0.0427  0.0074  0.4865  1
 496:   0.0060  0.3004  0.0173  0.0478  0.0044  0.0628  0.0044  0.5569  1
 497:   0.0180  0.0155  0.1240  0.6744  0.0628  0.0346  0.0202  0.0505  1
 498:   0.0020  0.0221  0.0295  0.1881  0.0085  0.6189  0.0093  0.1216  1
 499:   0.0060  0.6718  0.0233  0.0290  0.0068  0.0250  0.0158  0.2223  1
 500:   0.0030  0.0170  0.0164  0.8626  0.0120  0.0265  0.0211  0.0414  1
 501:   0.0030  0.0107  0.8350  0.0877  0.0050  0.0408  0.0072  0.0106  1
 502:   0.0030  0.0236  0.9143  0.0196  0.0102  0.0090  0.0073  0.0130  1
 503:   0.0040  0.1352  0.2991  0.2532  0.0062  0.0838  0.1482  0.0703  1
 504:   0.0050  0.1407  0.0453  0.2054  0.0046  0.4343  0.0081  0.1566  1
 505:   0.0040  0.0518  0.2050  0.5204  0.0112  0.0290  0.0040  0.1747  1
 506:   0.0092  0.4615  0.2715  0.0678  0.0330  0.0811  0.0191  0.0567  1
 507:   0.0030  0.0588  0.2485  0.5417  0.0134  0.0459  0.0078  0.0808  1
 508:   0.1538  0.4357  0.1757  0.0379  0.0737  0.0464  0.0307  0.0460  1
 509:   0.0030  0.0235  0.9146  0.0184  0.0060  0.0167  0.0060  0.0118  1
 510:   0.0050  0.0406  0.0102  0.1027  0.0186  0.7789  0.0100  0.0340  1
 511:   0.0152  0.0490  0.0296  0.6706  0.0331  0.1332  0.0097  0.0596  1
 512:   0.0126  0.2270  0.1443  0.2186  0.0144  0.1364  0.0090  0.2377  1
 513:   0.0060  0.2897  0.3063  0.1829  0.0098  0.0530  0.0108  0.1414  1
 514:   0.0237  0.0888  0.6964  0.1119  0.0070  0.0230  0.0289  0.0203  1
 515:   0.0108  0.4921  0.0683  0.0528  0.0134  0.1393  0.0087  0.2145  1
 516:   0.0076  0.1460  0.0464  0.0660  0.0049  0.1597  0.0055  0.5640  1
 517:   0.0020  0.0377  0.8944  0.0144  0.0076  0.0227  0.0078  0.0134  1
 518:   0.0040  0.0197  0.0108  0.0096  0.0189  0.8762  0.0042  0.0565  1
 519:   0.0032  0.4695  0.0902  0.0364  0.0040  0.0459  0.0030  0.3479  1
 520:   0.0308  0.0295  0.3898  0.4252  0.0289  0.0506  0.0150  0.0302  1
 521:   0.0030  0.1316  0.0113  0.1105  0.0064  0.2382  0.0088  0.4902  1
 522:   0.0096  0.4738  0.1624  0.0526  0.0268  0.1000  0.0050  0.1697  1
 523:   0.0030  0.1088  0.2089  0.4163  0.0075  0.0798  0.0177  0.1580  1
 524:   0.0030  0.0344  0.0104  0.7435  0.0095  0.1559  0.0196  0.0237  1
 525:   0.0040  0.0587  0.0299  0.0488  0.0052  0.6391  0.0089  0.2055  1
 526:   0.0030  0.0233  0.0389  0.0164  0.0040  0.8362  0.0117  0.0665  1
 527:   0.0044  0.9215  0.0136  0.0295  0.0105  0.0067  0.0034  0.0104  1
 528:   0.0094  0.0674  0.0082  0.0259  0.0059  0.4407  0.0050  0.4376  1
 529:   0.0095  0.6130  0.1587  0.0702  0.0189  0.0629  0.0143  0.0525  1
 530:   0.0289  0.0138  0.0151  0.8387  0.0073  0.0230  0.0062  0.0670  1
 531:   0.0153  0.0564  0.0852  0.4132  0.0188  0.0897  0.0084  0.3130  1
 532:   0.0020  0.1909  0.0422  0.2370  0.0052  0.1123  0.0030  0.4073  1
 533:   0.0050  0.3442  0.2955  0.1226  0.0220  0.1179  0.0077  0.0850  1
 534:   0.0346  0.0716  0.3917  0.3663  0.0237  0.0790  0.0125  0.0206  1
 535:   0.0150  0.0554  0.0087  0.6142  0.0096  0.1997  0.0597  0.0376  1
 536:   0.0094  0.0671  0.0075  0.0258  0.0059  0.4413  0.0050  0.4379  1
 537:   0.0030  0.0469  0.0727  0.7724  0.0056  0.0661  0.0050  0.0284  1
 538:   0.0020  0.1037  0.1407  0.4373  0.0061  0.0776  0.0321  0.2005  1
 539:   0.0053  0.1543  0.4369  0.0165  0.0081  0.1136  0.0065  0.2589  1
 540:   0.0044  0.0284  0.7159  0.1500  0.0223  0.0232  0.0152  0.0407  1
