   1:   0.0071  0.9660  0.0115  0.0030  0.0050  0.0074  1
   2:   0.0221  0.9068  0.0204  0.0196  0.0090  0.0221  1
   3:   0.0109  0.9515  0.0116  0.0057  0.0080  0.0123  1
   4:   0.0199  0.8665  0.0220  0.0372  0.0332  0.0212  1
   5:   0.0066  0.9667  0.0061  0.0030  0.0115  0.0061  1
   6:   0.0140  0.9369  0.0109  0.0050  0.0178  0.0154  1
   7:   0.0121  0.8821  0.0130  0.0163  0.0676  0.0089  1
   8:   0.0062  0.9736  0.0077  0.0030  0.0045  0.0050  1
   9:   0.0630  0.8422  0.0311  0.0426  0.0060  0.0151  1
  10:   0.0223  0.9375  0.0107  0.0060  0.0128  0.0107  1
  11:   0.0071  0.9608  0.0089  0.0102  0.0080  0.0050  1
  12:   0.0184  0.8674  0.0136  0.0372  0.0040  0.0593  1
  13:   0.0342  0.8402  0.0440  0.0080  0.0336  0.0401  1
  14:   0.0080  0.9609  0.0082  0.0114  0.0045  0.0070  1
  15:   0.1253  0.3944  0.2417  0.0070  0.2020  0.0296  1
  16:   0.0427  0.7744  0.0508  0.0030  0.0052  0.1239  1
  17:   0.0310  0.7913  0.0272  0.1040  0.0184  0.0281  1
  18:   0.0030  0.9797  0.0033  0.0040  0.0060  0.0040  1
  19:   0.0044  0.9681  0.0052  0.0090  0.0065  0.0068  1
  20:   0.0687  0.6724  0.0696  0.0050  0.0160  0.1683  1
  21:   0.0208  0.9256  0.0228  0.0061  0.0084  0.0163  1
  22:   0.0407  0.7252  0.1883  0.0050  0.0098  0.0310  1
  23:   0.0081  0.9477  0.0078  0.0224  0.0070  0.0070  1
  24:   0.0069  0.9716  0.0070  0.0040  0.0034  0.0071  1
  25:   0.0110  0.9545  0.0093  0.0030  0.0030  0.0192  1
  26:   0.7825  0.0328  0.1154  0.0030  0.0198  0.0465  1
  27:   0.0034  0.8551  0.0040  0.1264  0.0071  0.0040  1
  28:   0.2959  0.0050  0.2492  0.0038  0.4017  0.0444  1
  29:   0.0768  0.6806  0.0525  0.0890  0.0053  0.0957  1
  30:   0.1921  0.6689  0.0690  0.0070  0.0050  0.0580  1
  31:   0.1044  0.1845  0.0608  0.0123  0.0378  0.6001  1
  32:   0.0067  0.9582  0.0096  0.0100  0.0059  0.0096  1
  33:   0.0084  0.9572  0.0050  0.0130  0.0077  0.0087  1
  34:   0.0131  0.8578  0.0172  0.0283  0.0717  0.0118  1
  35:   0.0907  0.4528  0.0393  0.0755  0.0130  0.3288  1
  36:   0.0336  0.9155  0.0244  0.0050  0.0053  0.0162  1
  37:   0.0195  0.7232  0.0347  0.0060  0.1676  0.0489  1
  38:   0.0040  0.9780  0.0040  0.0050  0.0040  0.0050  1
  39:   0.4806  0.1370  0.0938  0.0077  0.0075  0.2735  1
  40:   0.2314  0.0610  0.2711  0.0060  0.0068  0.4236  1
  41:   0.0071  0.9293  0.0074  0.0030  0.0463  0.0069  1
  42:   0.0250  0.8391  0.0677  0.0090  0.0290  0.0302  1
  43:   0.0370  0.9036  0.0355  0.0020  0.0055  0.0164  1
  44:   0.0063  0.9579  0.0071  0.0091  0.0135  0.0061  1
  45:   0.0060  0.9536  0.0065  0.0169  0.0100  0.0070  1
  46:   0.0165  0.9417  0.0113  0.0070  0.0074  0.0161  1
  47:   0.1588  0.7094  0.0633  0.0139  0.0099  0.0447  1
  48:   0.0573  0.8720  0.0269  0.0040  0.0096  0.0302  1
  49:   0.0114  0.9514  0.0128  0.0070  0.0075  0.0099  1
  50:   0.0384  0.0109  0.2192  0.0273  0.0363  0.6679  1
  51:   0.2423  0.1542  0.3549  0.0200  0.0148  0.2139  1
  52:   0.0843  0.5973  0.0528  0.0110  0.0083  0.2463  1
  53:   0.0295  0.8925  0.0348  0.0030  0.0175  0.0227  1
  54:   0.0074  0.9568  0.0119  0.0060  0.0118  0.0061  1
  55:   0.0040  0.9565  0.0042  0.0213  0.0090  0.0050  1
  56:   0.0070  0.9616  0.0079  0.0038  0.0136  0.0061  1
  57:   0.0030  0.9726  0.0030  0.0104  0.0080  0.0030  1
  58:   0.0144  0.9414  0.0136  0.0030  0.0050  0.0226  1
  59:   0.0089  0.9496  0.0082  0.0104  0.0140  0.0089  1
  60:   0.0559  0.8020  0.0772  0.0110  0.0282  0.0257  1
  61:   0.0318  0.8814  0.0385  0.0120  0.0208  0.0155  1
  62:   0.0091  0.9725  0.0062  0.0030  0.0030  0.0062  1
  63:   0.0283  0.8709  0.0430  0.0040  0.0239  0.0299  1
  64:   0.1200  0.6897  0.0922  0.0065  0.0107  0.0809  1
  65:   0.0625  0.3443  0.0737  0.0590  0.0146  0.4460  1
  66:   0.1509  0.1144  0.5654  0.0067  0.0671  0.0956  1
  67:   0.0294  0.9176  0.0202  0.0110  0.0088  0.0130  1
  68:   0.0144  0.9478  0.0148  0.0050  0.0090  0.0090  1
  69:   0.0807  0.3535  0.3548  0.0247  0.0255  0.1608  1
  70:   0.0050  0.9750  0.0050  0.0070  0.0030  0.0050  1
  71:   0.0081  0.9529  0.0080  0.0106  0.0060  0.0144  1
  72:   0.0033  0.9850  0.0040  0.0020  0.0020  0.0037  1
  73:   0.1171  0.6685  0.1493  0.0070  0.0045  0.0537  1
  74:   0.0157  0.9424  0.0155  0.0030  0.0151  0.0083  1
  75:   0.0046  0.9759  0.0035  0.0040  0.0070  0.0050  1
  76:   0.1994  0.5958  0.0876  0.0143  0.0078  0.0950  1
  77:   0.0279  0.8853  0.0193  0.0129  0.0068  0.0478  1
  78:   0.0364  0.8794  0.0104  0.0340  0.0186  0.0212  1
  79:   0.0051  0.9506  0.0041  0.0121  0.0217  0.0064  1
  80:   0.0103  0.9472  0.0182  0.0063  0.0070  0.0110  1
  81:   0.0453  0.5140  0.0529  0.0071  0.1441  0.2366  1
  82:   0.0038  0.9827  0.0040  0.0020  0.0044  0.0031  1
  83:   0.0069  0.9644  0.0076  0.0080  0.0051  0.0080  1
  84:   0.0727  0.8118  0.0402  0.0052  0.0099  0.0601  1
  85:   0.0030  0.9840  0.0030  0.0030  0.0030  0.0040  1
  86:   0.1188  0.2691  0.3242  0.0060  0.0218  0.2602  1
  87:   0.0201  0.8717  0.0294  0.0259  0.0369  0.0160  1
  88:   0.0080  0.9572  0.0098  0.0120  0.0070  0.0060  1
  89:   0.0060  0.9710  0.0069  0.0030  0.0070  0.0061  1
  90:   0.0209  0.8942  0.0246  0.0050  0.0060  0.0493  1
  91:   0.1713  0.2582  0.4504  0.0030  0.0091  0.1080  1
  92:   0.5776  0.1213  0.2097  0.0100  0.0365  0.0448  1
  93:   0.0050  0.9760  0.0050  0.0060  0.0030  0.0050  1
  94:   0.0069  0.9518  0.0076  0.0178  0.0089  0.0070  1
  95:   0.0803  0.6620  0.0814  0.0030  0.0594  0.1140  1
  96:   0.4082  0.1301  0.1408  0.0030  0.0275  0.2904  1
  97:   0.0096  0.8481  0.0147  0.0717  0.0234  0.0325  1
  98:   0.0318  0.8658  0.0430  0.0121  0.0121  0.0352  1
  99:   0.0074  0.9606  0.0070  0.0081  0.0109  0.0060  1
 100:   0.0113  0.9335  0.0137  0.0060  0.0188  0.0167  1
 101:   0.0263  0.9263  0.0113  0.0131  0.0119  0.0111  1
 102:   0.0256  0.8949  0.0194  0.0150  0.0127  0.0325  1
 103:   0.0759  0.5918  0.1091  0.0040  0.0152  0.2039  1
 104:   0.0051  0.9658  0.0065  0.0050  0.0124  0.0052  1
 105:   0.0066  0.9524  0.0070  0.0120  0.0161  0.0059  1
 106:   0.0040  0.9732  0.0040  0.0050  0.0088  0.0050  1
 107:   0.0669  0.8455  0.0464  0.0070  0.0070  0.0272  1
 108:   0.3200  0.2548  0.1453  0.0083  0.0717  0.1998  1
 109:   0.0083  0.9613  0.0117  0.0070  0.0030  0.0087  1
 110:   0.3905  0.0516  0.2158  0.2243  0.0195  0.0983  1
 111:   0.0080  0.9499  0.0078  0.0050  0.0232  0.0061  1
 112:   0.0040  0.9833  0.0047  0.0020  0.0030  0.0030  1
 113:   0.0333  0.2083  0.0382  0.0301  0.6709  0.0192  1
 114:   0.0209  0.9168  0.0194  0.0092  0.0094  0.0243  1
 115:   0.0056  0.9601  0.0069  0.0060  0.0154  0.0060  1
 116:   0.0295  0.9287  0.0144  0.0070  0.0050  0.0154  1
 117:   0.2126  0.5855  0.0484  0.0073  0.0090  0.1372  1
 118:   0.0104  0.9617  0.0095  0.0030  0.0030  0.0124  1
 119:   0.0240  0.9299  0.0100  0.0080  0.0177  0.0104  1
 120:   0.0837  0.7797  0.0848  0.0030  0.0165  0.0323  1
 121:   0.3396  0.1795  0.0983  0.0040  0.3305  0.0480  1
 122:   0.0345  0.8541  0.0331  0.0100  0.0297  0.0386  1
 123:   0.5307  0.1884  0.1194  0.0050  0.0131  0.1434  1
 124:   0.0050  0.9229  0.0050  0.0046  0.0575  0.0050  1
 125:   0.0112  0.9629  0.0100  0.0021  0.0040  0.0098  1
 126:   0.0199  0.8410  0.0235  0.0595  0.0439  0.0122  1
 127:   0.2110  0.5870  0.1291  0.0317  0.0100  0.0312  1
 128:   0.5238  0.0776  0.1354  0.0157  0.0160  0.2315  1
 129:   0.0531  0.7759  0.0875  0.0040  0.0487  0.0307  1
 130:   0.0092  0.9536  0.0137  0.0030  0.0110  0.0095  1
 131:   0.0098  0.9477  0.0071  0.0204  0.0045  0.0105  1
 132:   0.0729  0.7439  0.0686  0.0515  0.0129  0.0503  1
 133:   0.0051  0.9759  0.0050  0.0050  0.0050  0.0040  1
 134:   0.0040  0.9770  0.0037  0.0083  0.0030  0.0040  1
 135:   0.0211  0.9121  0.0132  0.0129  0.0072  0.0335  1
 136:   0.0394  0.8501  0.0459  0.0081  0.0088  0.0477  1
 137:   0.0395  0.8727  0.0240  0.0053  0.0288  0.0297  1
 138:   0.0127  0.9538  0.0110  0.0060  0.0040  0.0125  1
 139:   0.2892  0.4024  0.1524  0.0484  0.0126  0.0950  1
 140:   0.0105  0.9390  0.0123  0.0120  0.0112  0.0150  1
 141:   0.0040  0.7542  0.0042  0.0616  0.1711  0.0049  1
 142:   0.0222  0.5697  0.0433  0.0405  0.0216  0.3027  1
 143:   0.0050  0.9741  0.0059  0.0060  0.0040  0.0050  1
 144:   0.1154  0.0205  0.1379  0.0050  0.5207  0.2005  1
 145:   0.0316  0.7767  0.0670  0.0060  0.0838  0.0349  1
 146:   0.0075  0.9600  0.0085  0.0090  0.0090  0.0060  1
 147:   0.0280  0.9097  0.0241  0.0070  0.0070  0.0242  1
 148:   0.3636  0.0234  0.3695  0.0140  0.0265  0.2031  1
 149:   0.0202  0.8978  0.0231  0.0110  0.0278  0.0201  1
 150:   0.6860  0.0361  0.1296  0.0050  0.0199  0.1234  1
 151:   0.0085  0.9611  0.0062  0.0111  0.0060  0.0071  1
 152:   0.0871  0.8080  0.0728  0.0070  0.0060  0.0192  1
 153:   0.0183  0.8046  0.0144  0.0080  0.1433  0.0114  1
 154:   0.0070  0.9673  0.0067  0.0090  0.0030  0.0070  1
 155:   0.0129  0.9485  0.0136  0.0110  0.0050  0.0090  1
 156:   0.0091  0.9597  0.0101  0.0070  0.0060  0.0081  1
 157:   0.0121  0.8782  0.0183  0.0090  0.0614  0.0210  1
 158:   0.2690  0.1820  0.2900  0.0213  0.1180  0.1196  1
 159:   0.0238  0.8538  0.0197  0.0178  0.0708  0.0141  1
 160:   0.0180  0.9014  0.0228  0.0120  0.0142  0.0316  1
 161:   0.0060  0.9410  0.0059  0.0360  0.0060  0.0051  1
 162:   0.0555  0.6955  0.0426  0.0085  0.1627  0.0352  1
 163:   0.0085  0.9488  0.0090  0.0134  0.0060  0.0143  1
 164:   0.0788  0.6375  0.0661  0.0112  0.0175  0.1888  1
 165:   0.0072  0.9717  0.0061  0.0040  0.0060  0.0050  1
 166:   0.0258  0.9142  0.0205  0.0143  0.0070  0.0182  1
 167:   0.0052  0.9690  0.0060  0.0080  0.0030  0.0088  1
 168:   0.0278  0.8025  0.0726  0.0070  0.0080  0.0822  1
 169:   0.0101  0.9613  0.0096  0.0050  0.0080  0.0060  1
 170:   0.0531  0.0356  0.2509  0.0171  0.0183  0.6250  1
 171:   0.0317  0.8528  0.0716  0.0070  0.0145  0.0224  1
 172:   0.0735  0.5031  0.2456  0.0208  0.0188  0.1382  1
 173:   0.0167  0.9374  0.0121  0.0089  0.0126  0.0123  1
 174:   0.0183  0.9384  0.0140  0.0054  0.0060  0.0179  1
 175:   0.0042  0.9781  0.0050  0.0040  0.0030  0.0057  1
 176:   0.0554  0.7213  0.0419  0.1265  0.0201  0.0348  1
 177:   0.0050  0.9712  0.0060  0.0074  0.0050  0.0054  1
 178:   0.0122  0.9419  0.0130  0.0108  0.0084  0.0137  1
 179:   0.0031  0.6556  0.0040  0.3276  0.0048  0.0049  1
 180:   0.0051  0.9770  0.0050  0.0030  0.0030  0.0069  1
 181:   0.0702  0.0110  0.0133  0.0035  0.0112  0.8908  1
 182:   0.0336  0.7937  0.0223  0.0020  0.0050  0.1434  1
 183:   0.0121  0.9604  0.0121  0.0024  0.0050  0.0080  1
 184:   0.2834  0.2701  0.1008  0.0050  0.0823  0.2585  1
 185:   0.0089  0.9486  0.0099  0.0060  0.0178  0.0088  1
 186:   0.0282  0.7241  0.0248  0.0060  0.0171  0.1998  1
 187:   0.0646  0.7048  0.0939  0.0090  0.0223  0.1054  1
 188:   0.0030  0.9845  0.0032  0.0032  0.0030  0.0031  1
 189:   0.0362  0.9100  0.0142  0.0020  0.0261  0.0114  1
 190:   0.0388  0.7801  0.0493  0.0030  0.0205  0.1084  1
 191:   0.0307  0.8290  0.0452  0.0079  0.0113  0.0760  1
 192:   0.0080  0.9564  0.0088  0.0040  0.0078  0.0150  1
 193:   0.0243  0.8820  0.0256  0.0131  0.0367  0.0183  1
 194:   0.1160  0.5396  0.0990  0.0315  0.1010  0.1127  1
 195:   0.0936  0.7671  0.0752  0.0108  0.0090  0.0443  1
 196:   0.0042  0.9716  0.0032  0.0140  0.0040  0.0030  1
 197:   0.0076  0.9682  0.0052  0.0040  0.0080  0.0070  1
 198:   0.5178  0.0191  0.3671  0.0070  0.0065  0.0825  1
 199:   0.3269  0.0251  0.1006  0.0319  0.0155  0.4999  1
 200:   0.1073  0.0146  0.5085  0.0060  0.3265  0.0372  1
 201:   0.0922  0.0099  0.1415  0.0040  0.1743  0.5781  1
 202:   0.3597  0.1518  0.0770  0.0117  0.0110  0.3889  1
 203:   0.1889  0.0140  0.6222  0.0030  0.0171  0.1547  1
 204:   0.0397  0.0164  0.0604  0.0083  0.0091  0.8661  1
 205:   0.7487  0.0082  0.1496  0.0083  0.0164  0.0688  1
 206:   0.1305  0.0110  0.6775  0.0040  0.0075  0.1696  1
 207:   0.1213  0.0144  0.8245  0.0062  0.0144  0.0192  1
 208:   0.4833  0.0059  0.1018  0.0050  0.0068  0.3972  1
 209:   0.3294  0.0449  0.2100  0.0040  0.0033  0.4084  1
 210:   0.4123  0.0250  0.3913  0.0069  0.0064  0.1582  1
 211:   0.2665  0.0134  0.5495  0.0305  0.0245  0.1156  1
 212:   0.1552  0.0121  0.1063  0.0040  0.0126  0.7098  1
 213:   0.2652  0.0179  0.0368  0.0060  0.0062  0.6679  1
 214:   0.1238  0.0241  0.6066  0.1143  0.1149  0.0164  1
 215:   0.1711  0.0080  0.1958  0.0030  0.0044  0.6178  1
 216:   0.1602  0.0980  0.6866  0.0046  0.0070  0.0437  1
 217:   0.2859  0.0050  0.5224  0.0090  0.0694  0.1083  1
 218:   0.4617  0.0102  0.3204  0.0050  0.1269  0.0757  1
 219:   0.1160  0.0070  0.7817  0.0339  0.0090  0.0524  1
 220:   0.1258  0.0162  0.5439  0.0020  0.0080  0.3041  1
 221:   0.1154  0.0183  0.7412  0.0189  0.0071  0.0991  1
 222:   0.5858  0.0651  0.2418  0.0174  0.0276  0.0623  1
 223:   0.5754  0.0625  0.1482  0.0100  0.0896  0.1143  1
 224:   0.5912  0.0141  0.1710  0.0030  0.0050  0.2157  1
 225:   0.1119  0.0119  0.7431  0.0053  0.0130  0.1148  1
 226:   0.0374  0.0092  0.0717  0.0042  0.0167  0.8608  1
 227:   0.4331  0.0169  0.3302  0.0120  0.0169  0.1908  1
 228:   0.2044  0.0083  0.7184  0.0180  0.0060  0.0449  1
 229:   0.2555  0.0050  0.5790  0.0020  0.0050  0.1535  1
 230:   0.4022  0.0375  0.1288  0.0736  0.0800  0.2779  1
 231:   0.2154  0.0060  0.1159  0.0080  0.0140  0.6407  1
 232:   0.8056  0.0100  0.1484  0.0031  0.0059  0.0270  1
 233:   0.2636  0.0970  0.2933  0.0050  0.0100  0.3311  1
 234:   0.1115  0.0311  0.1429  0.0070  0.0403  0.6673  1
 235:   0.6121  0.0113  0.1967  0.0302  0.0134  0.1363  1
 236:   0.2184  0.0120  0.3240  0.0217  0.1924  0.2315  1
 237:   0.7299  0.0103  0.1971  0.0050  0.0083  0.0494  1
 238:   0.5213  0.0348  0.3429  0.0089  0.0192  0.0730  1
 239:   0.7618  0.0091  0.1873  0.0030  0.0030  0.0358  1
 240:   0.4779  0.0070  0.2565  0.0817  0.0582  0.1187  1
 241:   0.0543  0.0137  0.0287  0.0172  0.0091  0.8770  1
 242:   0.1389  0.0221  0.2506  0.0048  0.0090  0.5746  1
 243:   0.2418  0.0137  0.4747  0.0040  0.0278  0.2380  1
 244:   0.1554  0.0162  0.5729  0.0041  0.0362  0.2151  1
 245:   0.2037  0.0158  0.1480  0.0112  0.2188  0.4026  1
 246:   0.7065  0.0148  0.1069  0.0050  0.0121  0.1548  1
 247:   0.1314  0.0134  0.0733  0.0070  0.0075  0.7674  1
 248:   0.0610  0.0085  0.1496  0.0030  0.0207  0.7572  1
 249:   0.5802  0.0087  0.3767  0.0050  0.0073  0.0221  1
 250:   0.1734  0.0082  0.0756  0.0051  0.0150  0.7227  1
 251:   0.4802  0.0194  0.1415  0.0499  0.0214  0.2876  1
 252:   0.2453  0.0070  0.5036  0.0030  0.0189  0.2222  1
 253:   0.5961  0.0107  0.1392  0.0206  0.0781  0.1553  1
 254:   0.2301  0.0424  0.6137  0.0030  0.0287  0.0821  1
 255:   0.2266  0.1476  0.2802  0.0020  0.0040  0.3395  1
 256:   0.3472  0.0070  0.1436  0.0040  0.0049  0.4934  1
 257:   0.1186  0.0176  0.7871  0.0080  0.0070  0.0617  1
 258:   0.0455  0.0140  0.0137  0.0030  0.0059  0.9179  1
 259:   0.4207  0.0134  0.1685  0.0217  0.0090  0.3666  1
 260:   0.1134  0.0259  0.2959  0.0090  0.0339  0.5219  1
 261:   0.2235  0.0214  0.5492  0.0069  0.0401  0.1590  1
 262:   0.7104  0.0411  0.1731  0.0040  0.0048  0.0665  1
 263:   0.3163  0.0161  0.5701  0.0030  0.0209  0.0736  1
 264:   0.3112  0.0157  0.5158  0.0030  0.0070  0.1473  1
 265:   0.4153  0.0102  0.5380  0.0070  0.0069  0.0226  1
 266:   0.3085  0.0068  0.4172  0.0030  0.0073  0.2573  1
 267:   0.1023  0.0092  0.7898  0.0050  0.0285  0.0652  1
 268:   0.1041  0.0100  0.1642  0.0030  0.0093  0.7094  1
 269:   0.3221  0.0118  0.5497  0.0459  0.0125  0.0580  1
 270:   0.4636  0.0786  0.3735  0.0030  0.0179  0.0635  1
 271:   0.6407  0.0120  0.2283  0.0060  0.0099  0.1032  1
 272:   0.5771  0.0230  0.3002  0.0160  0.0410  0.0427  1
 273:   0.0880  0.0081  0.3418  0.0186  0.0139  0.5296  1
 274:   0.1700  0.0230  0.7410  0.0080  0.0137  0.0443  1
 275:   0.3542  0.0137  0.2223  0.0061  0.0100  0.3937  1
 276:   0.0859  0.0085  0.6046  0.0050  0.0058  0.2902  1
 277:   0.4732  0.0050  0.3131  0.0030  0.0092  0.1965  1
 278:   0.3754  0.0070  0.5262  0.0435  0.0090  0.0389  1
 279:   0.3915  0.0736  0.4610  0.0051  0.0235  0.0453  1
 280:   0.1836  0.0070  0.0624  0.0080  0.0084  0.7306  1
 281:   0.2058  0.0121  0.2853  0.0121  0.0109  0.4738  1
 282:   0.0545  0.0188  0.0460  0.0030  0.0090  0.8687  1
 283:   0.2068  0.0067  0.5254  0.0142  0.0053  0.2416  1
 284:   0.2709  0.0171  0.1126  0.0030  0.0070  0.5894  1
 285:   0.0334  0.0237  0.0749  0.0115  0.0487  0.8077  1
 286:   0.2971  0.0080  0.3662  0.0060  0.0162  0.3065  1
 287:   0.3678  0.0070  0.2396  0.0189  0.0101  0.3566  1
 288:   0.1556  0.0140  0.3354  0.0040  0.0110  0.4800  1
 289:   0.1164  0.0150  0.0685  0.0039  0.0122  0.7840  1
 290:   0.3099  0.2175  0.1636  0.0066  0.0404  0.2620  1
 291:   0.3396  0.0030  0.1289  0.0050  0.0286  0.4949  1
 292:   0.7031  0.0343  0.2023  0.0060  0.0060  0.0483  1
 293:   0.4594  0.0099  0.4946  0.0030  0.0061  0.0270  1
 294:   0.1465  0.0121  0.0670  0.0675  0.0060  0.7008  1
 295:   0.1399  0.0079  0.7211  0.0252  0.0169  0.0890  1
 296:   0.6827  0.0185  0.2431  0.0020  0.0123  0.0414  1
 297:   0.4573  0.0295  0.0681  0.0283  0.0320  0.3847  1
 298:   0.7406  0.0365  0.1453  0.0030  0.0085  0.0660  1
 299:   0.1095  0.0040  0.8267  0.0040  0.0060  0.0498  1
 300:   0.0601  0.0104  0.0428  0.0050  0.0139  0.8678  1
 301:   0.2644  0.1329  0.1980  0.0132  0.0884  0.3030  1
 302:   0.1665  0.0088  0.6040  0.0050  0.0479  0.1679  1
 303:   0.4966  0.0050  0.2696  0.0224  0.0070  0.1994  1
 304:   0.1202  0.0139  0.3075  0.0079  0.0150  0.5355  1
 305:   0.1797  0.0157  0.7075  0.0050  0.0127  0.0794  1
 306:   0.0293  0.0120  0.0216  0.0048  0.0049  0.9274  1
 307:   0.0580  0.0757  0.3024  0.0170  0.0262  0.5207  1
 308:   0.1338  0.0040  0.3207  0.0030  0.0079  0.5306  1
 309:   0.5656  0.0162  0.3580  0.0030  0.0120  0.0452  1
 310:   0.3828  0.0091  0.3624  0.0110  0.0090  0.2257  1
 311:   0.4002  0.0327  0.0567  0.0050  0.0149  0.4905  1
 312:   0.2509  0.0263  0.6459  0.0075  0.0193  0.0502  1
 313:   0.5779  0.0381  0.2045  0.0030  0.0111  0.1654  1
 314:   0.5932  0.0076  0.3454  0.0030  0.0088  0.0420  1
 315:   0.2137  0.0131  0.3793  0.0144  0.0201  0.3593  1
 316:   0.1755  0.0174  0.6206  0.0041  0.0105  0.1719  1
 317:   0.2763  0.0060  0.6538  0.0050  0.0104  0.0485  1
 318:   0.4392  0.0471  0.1811  0.0070  0.0070  0.3186  1
 319:   0.1135  0.0199  0.2126  0.0050  0.0050  0.6440  1
 320:   0.0870  0.0134  0.7102  0.0345  0.0126  0.1424  1
 321:   0.1169  0.0130  0.7849  0.0093  0.0132  0.0627  1
 322:   0.5667  0.0623  0.2427  0.0040  0.0059  0.1184  1
 323:   0.0686  0.0102  0.1355  0.0040  0.0152  0.7665  1
 324:   0.0457  0.0085  0.0273  0.0050  0.0110  0.9025  1
 325:   0.2295  0.0188  0.3565  0.0170  0.0140  0.3643  1
 326:   0.2864  0.0041  0.0551  0.0020  0.0080  0.6445  1
 327:   0.1713  0.0079  0.7845  0.0104  0.0062  0.0197  1
 328:   0.1287  0.0105  0.7032  0.0062  0.1080  0.0433  1
 329:   0.4134  0.0070  0.1808  0.0060  0.0132  0.3795  1
 330:   0.4741  0.0091  0.3417  0.0060  0.0412  0.1279  1
 331:   0.6277  0.0050  0.1871  0.0040  0.0070  0.1692  1
 332:   0.5810  0.1287  0.1717  0.0109  0.0205  0.0872  1
 333:   0.8189  0.0211  0.1211  0.0030  0.0040  0.0319  1
 334:   0.4173  0.0773  0.0896  0.0381  0.0373  0.3403  1
 335:   0.0849  0.0109  0.1441  0.0601  0.0139  0.6862  1
 336:   0.3602  0.0060  0.6034  0.0020  0.0045  0.0239  1
 337:   0.7679  0.0050  0.1334  0.0040  0.0067  0.0830  1
 338:   0.3556  0.0159  0.0747  0.0080  0.0070  0.5388  1
 339:   0.3249  0.0576  0.2800  0.0030  0.0197  0.3147  1
 340:   0.7385  0.0159  0.2044  0.0176  0.0040  0.0196  1
 341:   0.2572  0.0070  0.2947  0.0040  0.0073  0.4298  1
 342:   0.0182  0.0205  0.0193  0.0050  0.0071  0.9299  1
 343:   0.0810  0.0051  0.0437  0.0030  0.0150  0.8522  1
 344:   0.0939  0.0054  0.8756  0.0040  0.0050  0.0161  1
 345:   0.3665  0.0080  0.6006  0.0030  0.0085  0.0134  1
 346:   0.2853  0.0122  0.5991  0.0040  0.0135  0.0860  1
 347:   0.1828  0.0095  0.6715  0.0070  0.0158  0.1134  1
 348:   0.1068  0.0125  0.8364  0.0134  0.0110  0.0199  1
 349:   0.6165  0.0658  0.1959  0.0050  0.0060  0.1108  1
 350:   0.2693  0.0110  0.6615  0.0031  0.0040  0.0510  1
 351:   0.0533  0.0060  0.0513  0.0050  0.0061  0.8783  1
 352:   0.2394  0.0338  0.3414  0.0470  0.0884  0.2500  1
 353:   0.2146  0.0092  0.2938  0.0054  0.0148  0.4623  1
 354:   0.1348  0.0089  0.7818  0.0090  0.0081  0.0574  1
 355:   0.3103  0.0127  0.6067  0.0122  0.0343  0.0237  1
 356:   0.4385  0.0152  0.1885  0.0406  0.0050  0.3122  1
 357:   0.2313  0.0439  0.5748  0.0049  0.0331  0.1120  1
 358:   0.6803  0.0113  0.2700  0.0065  0.0050  0.0269  1
 359:   0.1728  0.0184  0.6869  0.0643  0.0280  0.0296  1
 360:   0.6270  0.0849  0.1658  0.0105  0.0679  0.0439  1
 361:   0.4668  0.0128  0.2416  0.0090  0.0124  0.2574  1
 362:   0.1756  0.0080  0.3156  0.0020  0.1462  0.3527  1
 363:   0.3445  0.0151  0.1482  0.0176  0.0887  0.3860  1
 364:   0.2121  0.0070  0.4258  0.0098  0.0221  0.3231  1
 365:   0.0409  0.0260  0.0240  0.0138  0.0139  0.8814  1
 366:   0.6721  0.0155  0.2044  0.0292  0.0190  0.0597  1
 367:   0.1472  0.0070  0.0295  0.0099  0.0090  0.7974  1
 368:   0.2519  0.0049  0.7273  0.0040  0.0040  0.0079  1
 369:   0.7652  0.0040  0.2025  0.0030  0.0090  0.0163  1
 370:   0.2792  0.0070  0.1409  0.0030  0.0032  0.5667  1
 371:   0.4323  0.0352  0.2882  0.0050  0.0158  0.2235  1
 372:   0.2271  0.0050  0.0356  0.0080  0.0068  0.7176  1
 373:   0.2928  0.0080  0.6008  0.0050  0.0115  0.0819  1
 374:   0.1586  0.0147  0.6334  0.0080  0.0114  0.1740  1
 375:   0.1930  0.0063  0.7130  0.0050  0.0458  0.0369  1
 376:   0.1785  0.0050  0.0515  0.0090  0.0070  0.7490  1
 377:   0.4381  0.0237  0.3361  0.0080  0.0149  0.1793  1
 378:   0.4142  0.0140  0.3096  0.0050  0.0195  0.2377  1
 379:   0.1039  0.0285  0.7752  0.0115  0.0424  0.0384  1
 380:   0.3995  0.0110  0.1211  0.0060  0.0173  0.4450  1
 381:   0.2403  0.0100  0.0705  0.0040  0.1470  0.5282  1
 382:   0.6543  0.0358  0.1843  0.0647  0.0040  0.0569  1
 383:   0.4651  0.0359  0.1784  0.0050  0.0040  0.3115  1
 384:   0.5880  0.0239  0.1937  0.0050  0.0118  0.1776  1
 385:   0.8029  0.0176  0.0817  0.0040  0.0078  0.0860  1
 386:   0.0818  0.0080  0.0248  0.0242  0.0043  0.8569  1
 387:   0.4453  0.0691  0.1064  0.0367  0.0056  0.3369  1
 388:   0.4884  0.0329  0.1074  0.0060  0.0250  0.3403  1
 389:   0.3425  0.0266  0.1353  0.0240  0.0164  0.4551  1
 390:   0.1585  0.0110  0.6994  0.0020  0.0175  0.1116  1
 391:   0.4416  0.0071  0.0640  0.0040  0.0344  0.4489  1
 392:   0.0364  0.0100  0.0501  0.0040  0.0078  0.8917  1
 393:   0.4330  0.0150  0.0636  0.0030  0.0110  0.4743  1
 394:   0.5390  0.0783  0.3021  0.0090  0.0217  0.0499  1
 395:   0.0654  0.0455  0.0197  0.0341  0.0298  0.8055  1
 396:   0.0720  0.0137  0.0233  0.0310  0.0983  0.7617  1
 397:   0.3955  0.0078  0.4639  0.0060  0.0161  0.1108  1
 398:   0.1457  0.0081  0.7111  0.0041  0.0050  0.1261  1
 399:   0.1950  0.0070  0.0561  0.0020  0.0060  0.7339  1
 400:   0.1384  0.0060  0.7486  0.0020  0.0149  0.0900  1
 401:   0.2042  0.0078  0.4932  0.0157  0.0130  0.2661  1
 402:   0.1540  0.0345  0.6886  0.0142  0.0643  0.0444  1
 403:   0.3520  0.0127  0.2536  0.0040  0.0152  0.3626  1
 404:   0.6526  0.0040  0.1383  0.0020  0.0080  0.1952  1
 405:   0.1604  0.0050  0.5179  0.0020  0.0050  0.3097  1
 406:   0.1168  0.0097  0.7103  0.0323  0.0282  0.1026  1
 407:   0.0249  0.0120  0.1039  0.0070  0.0061  0.8461  1
 408:   0.1231  0.0083  0.7679  0.0140  0.0254  0.0613  1
 409:   0.3298  0.0040  0.1021  0.0080  0.0713  0.4849  1
 410:   0.0536  0.0040  0.2521  0.0047  0.0174  0.6683  1
 411:   0.2528  0.0225  0.6657  0.0040  0.0058  0.0491  1
 412:   0.1374  0.4188  0.3692  0.0170  0.0207  0.0369  1
 413:   0.5677  0.0060  0.3826  0.0063  0.0050  0.0324  1
 414:   0.6674  0.0200  0.2155  0.0150  0.0050  0.0771  1
 415:   0.1641  0.0069  0.0838  0.0126  0.0061  0.7265  1
 416:   0.1556  0.0060  0.0692  0.0080  0.0170  0.7443  1
 417:   0.6503  0.0190  0.1734  0.0091  0.0185  0.1298  1
 418:   0.8182  0.0050  0.1256  0.0020  0.0050  0.0442  1
 419:   0.0889  0.0170  0.4115  0.0060  0.0100  0.4666  1
 420:   0.2018  0.0124  0.0742  0.0068  0.0071  0.6977  1
 421:   0.1136  0.0100  0.1119  0.0060  0.0060  0.7525  1
 422:   0.0405  0.0075  0.0369  0.0077  0.0050  0.9024  1
 423:   0.6835  0.0103  0.1363  0.0034  0.0060  0.1605  1
 424:   0.5532  0.0129  0.2161  0.0120  0.0070  0.1987  1
 425:   0.6796  0.0304  0.1082  0.0050  0.0152  0.1616  1
 426:   0.0951  0.0512  0.1814  0.0050  0.0447  0.6226  1
 427:   0.3502  0.1021  0.2684  0.0078  0.0088  0.2627  1
 428:   0.4126  0.0060  0.4579  0.0050  0.0238  0.0947  1
 429:   0.2601  0.2133  0.3885  0.0110  0.0367  0.0903  1
 430:   0.3354  0.0392  0.0439  0.0060  0.0296  0.5459  1
 431:   0.1209  0.0124  0.6200  0.0040  0.0766  0.1661  1
 432:   0.3682  0.0158  0.2242  0.0445  0.0248  0.3225  1
 433:   0.3190  0.0108  0.4094  0.0064  0.0080  0.2464  1
 434:   0.1648  0.0078  0.1307  0.0020  0.0108  0.6839  1
 435:   0.2715  0.0445  0.2045  0.0080  0.0448  0.4267  1
 436:   0.4112  0.0131  0.2992  0.0158  0.0723  0.1885  1
 437:   0.2353  0.0242  0.3229  0.0030  0.0046  0.4100  1
 438:   0.7240  0.0220  0.0980  0.0080  0.0147  0.1333  1
 439:   0.2732  0.0112  0.2209  0.0046  0.0220  0.4681  1
 440:   0.5009  0.0080  0.2000  0.0080  0.0238  0.2593  1
 441:   0.1368  0.0070  0.4307  0.0100  0.0546  0.3608  1
 442:   0.4140  0.0048  0.1490  0.0030  0.0070  0.4222  1
 443:   0.2247  0.2661  0.3470  0.0506  0.0434  0.0682  1
 444:   0.8240  0.0158  0.0788  0.0030  0.0079  0.0705  1
 445:   0.5906  0.0080  0.3655  0.0040  0.0072  0.0247  1
 446:   0.0950  0.0061  0.4676  0.0030  0.0265  0.4017  1
 447:   0.2316  0.0042  0.7389  0.0060  0.0050  0.0143  1
 448:   0.2915  0.0058  0.6107  0.0050  0.0372  0.0499  1
 449:   0.2812  0.0030  0.6358  0.0089  0.0194  0.0518  1
 450:   0.1867  0.0170  0.5906  0.0129  0.0964  0.0965  1
 451:   0.1942  0.0118  0.4947  0.0050  0.0850  0.2093  1
 452:   0.1868  0.1875  0.1470  0.0068  0.0067  0.4651  1
 453:   0.6503  0.0040  0.1983  0.0037  0.0216  0.1222  1
 454:   0.5164  0.0052  0.2348  0.0070  0.0078  0.2288  1
 455:   0.7168  0.0129  0.0840  0.0030  0.0030  0.1803  1
 456:   0.2709  0.0061  0.0728  0.0040  0.0754  0.5708  1
 457:   0.2111  0.0135  0.6218  0.0040  0.0199  0.1297  1
 458:   0.2734  0.0059  0.6208  0.0052  0.0149  0.0798  1
 459:   0.4397  0.0113  0.4753  0.0047  0.0090  0.0600  1
 460:   0.1254  0.0049  0.3825  0.0070  0.0160  0.4643  1
 461:   0.4918  0.0053  0.0993  0.0128  0.0118  0.3790  1
 462:   0.0866  0.0354  0.3148  0.0089  0.0050  0.5493  1
 463:   0.2837  0.0090  0.5961  0.0163  0.0437  0.0512  1
 464:   0.3830  0.0627  0.3185  0.0230  0.0050  0.2078  1
 465:   0.1613  0.0050  0.1395  0.0080  0.0084  0.6778  1
 466:   0.8390  0.0314  0.0794  0.0322  0.0058  0.0122  1
 467:   0.1931  0.0060  0.3733  0.0140  0.0070  0.4066  1
 468:   0.0349  0.6980  0.1883  0.0040  0.0109  0.0640  1
 469:   0.0894  0.0111  0.3493  0.0030  0.0040  0.5432  1
 470:   0.1048  0.0574  0.2545  0.0080  0.0443  0.5310  1
 471:   0.3778  0.0070  0.4522  0.0040  0.1106  0.0483  1
 472:   0.8073  0.0070  0.1440  0.0030  0.0065  0.0322  1
 473:   0.1288  0.1679  0.5596  0.0050  0.0499  0.0888  1
 474:   0.0808  0.0101  0.2247  0.0030  0.0115  0.6699  1
 475:   0.1074  0.0234  0.3663  0.0030  0.3990  0.1008  1
 476:   0.3107  0.1162  0.3589  0.0049  0.0183  0.1911  1
 477:   0.1622  0.0050  0.1368  0.0080  0.0085  0.6795  1
 478:   0.3607  0.0135  0.1437  0.0090  0.0100  0.4631  1
 479:   0.1082  0.0202  0.6589  0.0180  0.0142  0.1805  1
 480:   0.8557  0.0050  0.0834  0.0096  0.0109  0.0354  1
 481:   0.0725  0.0100  0.1458  0.0030  0.0108  0.7579  1
 482:   0.1169  0.1875  0.5007  0.0040  0.0142  0.1767  1
 483:   0.1394  0.0065  0.3018  0.0041  0.0683  0.4799  1
 484:   0.3071  0.0172  0.4622  0.0060  0.0175  0.1899  1
 485:   0.2906  0.0099  0.4960  0.0040  0.0050  0.1945  1
 486:   0.4406  0.0639  0.2785  0.0150  0.0100  0.1921  1
 487:   0.4315  0.0240  0.2398  0.0040  0.0060  0.2947  1
 488:   0.1968  0.0100  0.3549  0.0040  0.0437  0.3905  1
 489:   0.6981  0.0174  0.1142  0.0077  0.0100  0.1525  1
 490:   0.2373  0.0070  0.6111  0.0040  0.0139  0.1267  1
 491:   0.2692  0.0060  0.5716  0.0020  0.0040  0.1472  1
 492:   0.1757  0.0030  0.5640  0.0086  0.0171  0.2316  1
 493:   0.2238  0.0041  0.7534  0.0030  0.0042  0.0115  1
 494:   0.3095  0.0089  0.0604  0.0040  0.0061  0.6112  1
 495:   0.1074  0.0080  0.8355  0.0030  0.0092  0.0369  1
 496:   0.1271  0.0050  0.8164  0.0070  0.0050  0.0395  1
 497:   0.0666  0.0236  0.0338  0.0227  0.0893  0.7640  1
 498:   0.6023  0.0113  0.2057  0.0021  0.0098  0.1689  1
 499:   0.1579  0.0179  0.7791  0.0070  0.0080  0.0301  1
 500:   0.2470  0.0420  0.1817  0.0040  0.0148  0.5106  1
 501:   0.0517  0.0075  0.0119  0.0030  0.0050  0.9209  1
 502:   0.0132  0.0080  0.0422  0.0040  0.0107  0.9219  1
 503:   0.1267  0.1790  0.1855  0.0040  0.0069  0.4978  1
 504:   0.6845  0.0079  0.2452  0.0050  0.0046  0.0528  1
 505:   0.0757  0.0040  0.2201  0.0040  0.0113  0.6849  1
 506:   0.2551  0.0240  0.5061  0.0102  0.0453  0.1593  1
 507:   0.1260  0.0089  0.1942  0.0030  0.0150  0.6529  1
 508:   0.1310  0.0459  0.2946  0.1626  0.1209  0.2448  1
 509:   0.0561  0.0068  0.0469  0.0030  0.0079  0.8793  1
 510:   0.8369  0.0102  0.1136  0.0051  0.0163  0.0179  1
 511:   0.3420  0.0119  0.1765  0.0243  0.0555  0.3897  1
 512:   0.3157  0.0100  0.3775  0.0129  0.0139  0.2700  1
 513:   0.1541  0.0112  0.2663  0.0060  0.0098  0.5526  1
 514:   0.0199  0.0227  0.0317  0.0192  0.0060  0.9005  1
 515:   0.1602  0.0090  0.7338  0.0102  0.0133  0.0735  1
 516:   0.2154  0.0077  0.6665  0.0099  0.0067  0.0938  1
 517:   0.2948  0.0122  0.1211  0.0023  0.0108  0.5588  1
 518:   0.8246  0.0050  0.1296  0.0041  0.0250  0.0117  1
 519:   0.1406  0.0030  0.7512  0.0032  0.0040  0.0980  1
 520:   0.1028  0.0147  0.0284  0.0267  0.0244  0.8030  1
 521:   0.3234  0.0102  0.6170  0.0030  0.0070  0.0394  1
 522:   0.1536  0.0059  0.6608  0.0097  0.0267  0.1433  1
 523:   0.2592  0.0191  0.3667  0.0030  0.0080  0.3440  1
 524:   0.4133  0.0168  0.1788  0.0030  0.0081  0.3800  1
 525:   0.6925  0.0095  0.2653  0.0040  0.0050  0.0237  1
 526:   0.7730  0.0143  0.1562  0.0030  0.0040  0.0495  1
 527:   0.0852  0.0049  0.7294  0.0060  0.0131  0.1614  1
 528:   0.4224  0.0060  0.5410  0.0090  0.0065  0.0151  1
 529:   0.2869  0.0150  0.5262  0.0103  0.0213  0.1403  1
 530:   0.1869  0.0080  0.1155  0.0439  0.0083  0.6375  1
 531:   0.2452  0.0091  0.1932  0.0139  0.0178  0.5208  1
 532:   0.2369  0.0030  0.5002  0.0030  0.0056  0.2512  1
 533:   0.2346  0.0080  0.2317  0.0050  0.0221  0.4985  1
 534:   0.1182  0.0118  0.0350  0.0289  0.0207  0.7854  1
 535:   0.5055  0.0996  0.2701  0.0198  0.0110  0.0940  1
 536:   0.4224  0.0060  0.5402  0.0094  0.0064  0.0156  1
 537:   0.2532  0.0051  0.1340  0.0030  0.0060  0.5987  1
 538:   0.1501  0.0346  0.2961  0.0020  0.0060  0.5112  1
 539:   0.2469  0.0070  0.5622  0.0060  0.0070  0.1709  1
 540:   0.0326  0.0161  0.0572  0.0049  0.0237  0.8655  1
 541:   0.3494  0.1738  0.1074  0.0144  0.0404  0.3146  1
 542:   0.4905  0.0178  0.1878  0.0188  0.0178  0.2673  1
 543:   0.2122  0.0671  0.2058  0.0138  0.0080  0.4931  1
 544:   0.0683  0.0040  0.2680  0.0020  0.0111  0.6466  1
 545:   0.2134  0.0060  0.7574  0.0040  0.0050  0.0142  1
 546:   0.2023  0.0224  0.6416  0.0040  0.0066  0.1231  1
 547:   0.3983  0.0080  0.4963  0.0040  0.0154  0.0780  1
 548:   0.2757  0.1239  0.1494  0.0030  0.0070  0.4409  1
 549:   0.1200  0.0238  0.4923  0.0030  0.0060  0.3549  1
 550:   0.3851  0.0060  0.5520  0.0040  0.0100  0.0429  1
 551:   0.7412  0.0070  0.1581  0.0043  0.0558  0.0336  1
 552:   0.1095  0.0372  0.0287  0.0047  0.0121  0.8078  1
 553:   0.1880  0.1704  0.4768  0.0040  0.0210  0.1398  1
 554:   0.2031  0.0060  0.7612  0.0040  0.0061  0.0196  1
 555:   0.6634  0.0248  0.1548  0.0033  0.0040  0.1497  1
 556:   0.2400  0.0070  0.6664  0.0070  0.0100  0.0696  1
 557:   0.2655  0.0040  0.6558  0.0054  0.0147  0.0546  1
 558:   0.5837  0.0050  0.2886  0.0050  0.0374  0.0803  1
 559:   0.1860  0.0098  0.6563  0.0515  0.0063  0.0900  1
 560:   0.5651  0.0080  0.1540  0.0070  0.0149  0.2510  1
 561:   0.2693  0.0056  0.4716  0.0041  0.0089  0.2406  1
 562:   0.2432  0.0699  0.6018  0.0090  0.0177  0.0584  1
 563:   0.1842  0.0070  0.2165  0.0030  0.0073  0.5820  1
 564:   0.0513  0.0216  0.0468  0.0020  0.0063  0.8720  1
 565:   0.1144  0.0813  0.0523  0.0040  0.0099  0.7382  1
 566:   0.1330  0.0103  0.2561  0.0108  0.0339  0.5559  1
 567:   0.2369  0.0050  0.7297  0.0030  0.0050  0.0204  1
 568:   0.7413  0.0071  0.1178  0.0065  0.0110  0.1163  1
 569:   0.6870  0.0060  0.2427  0.0060  0.0133  0.0450  1
 570:   0.5138  0.0166  0.1320  0.0040  0.0070  0.3266  1
 571:   0.4800  0.0089  0.3595  0.0020  0.0074  0.1422  1
 572:   0.4754  0.0166  0.3748  0.0070  0.0086  0.1176  1
 573:   0.1531  0.0060  0.2768  0.0040  0.0158  0.5443  1
 574:   0.0742  0.0449  0.0565  0.0020  0.0067  0.8157  1
 575:   0.0533  0.2008  0.1044  0.0124  0.0040  0.6252  1
 576:   0.0934  0.0100  0.1304  0.0087  0.0210  0.7364  1
 577:   0.3059  0.0090  0.4481  0.0220  0.1096  0.1054  1
 578:   0.0571  0.0090  0.0259  0.0040  0.0093  0.8946  1
 579:   0.8653  0.0050  0.1135  0.0020  0.0050  0.0092  1
 580:   0.7161  0.0124  0.1056  0.0060  0.0165  0.1434  1
 581:   0.1403  0.0135  0.7705  0.0030  0.0040  0.0686  1
 582:   0.2820  0.0889  0.1204  0.0050  0.0030  0.5008  1
 583:   0.2320  0.0040  0.7357  0.0030  0.0063  0.0190  1
 584:   0.5390  0.0109  0.1313  0.0020  0.0070  0.3098  1
 585:   0.1460  0.0040  0.7956  0.0040  0.0084  0.0420  1
 586:   0.4660  0.0123  0.3948  0.0040  0.0155  0.1073  1
 587:   0.8345  0.0111  0.1006  0.0050  0.0050  0.0439  1
 588:   0.1316  0.0157  0.2733  0.0050  0.0090  0.5654  1
 589:   0.3088  0.0100  0.1716  0.0030  0.0110  0.4956  1
 590:   0.1090  0.0060  0.7821  0.0056  0.0264  0.0709  1
 591:   0.0429  0.0220  0.1122  0.0060  0.0100  0.8069  1
 592:   0.4221  0.0135  0.3602  0.0090  0.1052  0.0900  1
 593:   0.1399  0.0040  0.6998  0.0090  0.0089  0.1383  1
 594:   0.3914  0.0060  0.3985  0.0040  0.0090  0.1911  1
 595:   0.3015  0.0089  0.2848  0.0202  0.0077  0.3770  1
 596:   0.3689  0.0439  0.3244  0.0060  0.0057  0.2512  1
 597:   0.6140  0.0238  0.1500  0.0055  0.0040  0.2028  1
 598:   0.1961  0.0121  0.1338  0.0060  0.0063  0.6457  1
 599:   0.8217  0.0107  0.1105  0.0039  0.0179  0.0354  1
 600:   0.5521  0.0140  0.2940  0.0081  0.0070  0.1248  1
 601:   0.2229  0.0120  0.0615  0.0050  0.0050  0.6937  1
 602:   0.1671  0.0127  0.7207  0.0050  0.0120  0.0825  1
 603:   0.1526  0.0050  0.6262  0.0050  0.0080  0.2032  1
 604:   0.1654  0.0090  0.1332  0.0274  0.0079  0.6570  1
 605:   0.3751  0.0311  0.1764  0.0082  0.0030  0.4061  1
 606:   0.1659  0.0090  0.7366  0.0082  0.0082  0.0721  1
 607:   0.3889  0.0531  0.1755  0.0177  0.0728  0.2919  1
 608:   0.0276  0.0069  0.0166  0.0040  0.0040  0.9409  1
 609:   0.7864  0.0070  0.0836  0.0040  0.0715  0.0475  1
 610:   0.1424  0.0062  0.5777  0.0020  0.0144  0.2574  1
 611:   0.1234  0.0060  0.3730  0.0060  0.0040  0.4876  1
 612:   0.6328  0.0308  0.1374  0.0059  0.0113  0.1818  1
 613:   0.7357  0.0139  0.2045  0.0040  0.0136  0.0283  1
 614:   0.5745  0.0071  0.2154  0.0060  0.0120  0.1850  1
 615:   0.7152  0.0080  0.2096  0.0094  0.0040  0.0538  1
 616:   0.2368  0.0454  0.2132  0.0357  0.0122  0.4567  1
 617:   0.3152  0.0182  0.2373  0.0037  0.0136  0.4120  1
 618:   0.0475  0.0382  0.0523  0.0050  0.0033  0.8537  1
 619:   0.1193  0.1644  0.2757  0.0070  0.0258  0.4078  1
 620:   0.8200  0.0049  0.0929  0.0020  0.0077  0.0724  1
 621:   0.4711  0.0263  0.0545  0.0030  0.0080  0.4371  1
 622:   0.4620  0.0591  0.2459  0.0040  0.1709  0.0581  1
 623:   0.7801  0.0170  0.1155  0.0020  0.0490  0.0364  1
 624:   0.6718  0.0106  0.2012  0.0262  0.0145  0.0757  1
 625:   0.1469  0.0172  0.5793  0.0122  0.0516  0.1928  1
 626:   0.2173  0.0127  0.4905  0.0080  0.0187  0.2528  1
 627:   0.2350  0.1723  0.4797  0.0030  0.0305  0.0795  1
 628:   0.1596  0.0081  0.6935  0.0094  0.0080  0.1213  1
 629:   0.7895  0.0560  0.0857  0.0085  0.0126  0.0478  1
 630:   0.1932  0.0315  0.0968  0.0070  0.0107  0.6608  1
 631:   0.4168  0.0828  0.3622  0.0090  0.0050  0.1242  1
 632:   0.6127  0.0095  0.2169  0.0040  0.0119  0.1450  1
 633:   0.1032  0.0050  0.7891  0.0020  0.0062  0.0945  1
 634:   0.1114  0.1606  0.6883  0.0050  0.0110  0.0236  1
 635:   0.6711  0.0049  0.2443  0.0030  0.0104  0.0663  1
 636:   0.5019  0.0059  0.2655  0.0030  0.0408  0.1830  1
 637:   0.1485  0.0060  0.1204  0.0170  0.0089  0.6993  1
 638:   0.0320  0.0090  0.0348  0.0021  0.0060  0.9161  1
 639:   0.2678  0.0090  0.3341  0.0030  0.0171  0.3690  1
 640:   0.1733  0.0047  0.4691  0.0030  0.0060  0.3440  1
 641:   0.4470  0.0413  0.2356  0.0020  0.0060  0.2681  1
 642:   0.3609  0.0060  0.5448  0.0040  0.0301  0.0542  1
 643:   0.2842  0.1305  0.5109  0.0040  0.0296  0.0408  1
 644:   0.2748  0.0078  0.6826  0.0030  0.0107  0.0211  1
 645:   0.6864  0.0306  0.1233  0.0020  0.0050  0.1527  1
 646:   0.6797  0.0180  0.2190  0.0040  0.0197  0.0596  1
 647:   0.3496  0.0070  0.4821  0.0050  0.0166  0.1397  1
 648:   0.7284  0.0050  0.1448  0.0069  0.0272  0.0877  1
 649:   0.3201  0.0126  0.1244  0.0040  0.0899  0.4490  1
 650:   0.3164  0.0194  0.2123  0.0066  0.0090  0.4362  1
 651:   0.1747  0.0082  0.7925  0.0040  0.0061  0.0144  1
 652:   0.1587  0.0081  0.0585  0.0105  0.0159  0.7482  1
 653:   0.7972  0.0095  0.1081  0.0103  0.0302  0.0447  1
 654:   0.1874  0.0088  0.6324  0.1405  0.0066  0.0244  1
 655:   0.2705  0.0198  0.5168  0.0263  0.0170  0.1496  1
 656:   0.1447  0.0108  0.5508  0.0060  0.0061  0.2816  1
 657:   0.1236  0.0070  0.8033  0.0122  0.0290  0.0249  1
 658:   0.2137  0.0295  0.7138  0.0058  0.0070  0.0302  1
 659:   0.2125  0.0099  0.7201  0.0040  0.0111  0.0424  1
 660:   0.7598  0.0050  0.1881  0.0030  0.0081  0.0360  1
 661:   0.2786  0.0072  0.6168  0.0082  0.0242  0.0650  1
 662:   0.5495  0.0444  0.1840  0.0378  0.0071  0.1771  1
 663:   0.1927  0.0077  0.0621  0.0030  0.0318  0.7026  1
 664:   0.4765  0.0050  0.3040  0.0070  0.0040  0.2035  1
 665:   0.1230  0.0077  0.5945  0.0116  0.0350  0.2282  1
 666:   0.2029  0.0169  0.7569  0.0030  0.0092  0.0111  1
 667:   0.1317  0.0249  0.6042  0.0049  0.0041  0.2303  1
 668:   0.4998  0.0130  0.4013  0.0030  0.0080  0.0749  1
 669:   0.3130  0.1440  0.4288  0.0080  0.0159  0.0902  1
 670:   0.7855  0.0040  0.1150  0.0040  0.0050  0.0865  1
 671:   0.5518  0.0131  0.0673  0.0030  0.0174  0.3474  1
 672:   0.3304  0.0044  0.5785  0.0047  0.0050  0.0770  1
 673:   0.4351  0.0264  0.2040  0.0040  0.0131  0.3174  1
 674:   0.4757  0.0040  0.4398  0.0107  0.0073  0.0624  1
 675:   0.3891  0.0092  0.4834  0.0312  0.0254  0.0616  1
 676:   0.3190  0.0070  0.2755  0.0133  0.0083  0.3769  1
 677:   0.1904  0.0060  0.1002  0.0040  0.0060  0.6934  1
 678:   0.0169  0.0258  0.0141  0.0077  0.0050  0.9305  1
 679:   0.3475  0.0207  0.2704  0.0048  0.0234  0.3331  1
 680:   0.1616  0.0155  0.6787  0.0266  0.0652  0.0524  1
 681:   0.2531  0.0191  0.3549  0.0030  0.0227  0.3472  1
 682:   0.5104  0.0192  0.3122  0.0030  0.0080  0.1472  1
 683:   0.8117  0.0070  0.0927  0.0040  0.0255  0.0591  1
 684:   0.2602  0.0209  0.6708  0.0060  0.0116  0.0306  1
 685:   0.6272  0.0081  0.2857  0.0060  0.0092  0.0637  1
 686:   0.1591  0.0080  0.3902  0.0060  0.1762  0.2606  1
 687:   0.2814  0.0239  0.4114  0.0060  0.0151  0.2623  1
 688:   0.2877  0.0070  0.3822  0.0045  0.0070  0.3115  1
 689:   0.3694  0.0070  0.4237  0.0090  0.1230  0.0679  1
