   1:   0.0050  0.9835  0.0030  0.0085  1
   2:   0.0080  0.9560  0.0163  0.0197  1
   3:   0.0080  0.9750  0.0060  0.0110  1
   4:   0.0292  0.9108  0.0382  0.0218  1
   5:   0.0110  0.9800  0.0030  0.0060  1
   6:   0.0130  0.9707  0.0050  0.0113  1
   7:   0.0575  0.9165  0.0159  0.0101  1
   8:   0.0041  0.9869  0.0030  0.0060  1
   9:   0.0070  0.9161  0.0410  0.0359  1
  10:   0.0117  0.9698  0.0060  0.0125  1
  11:   0.0080  0.9747  0.0104  0.0069  1
  12:   0.0040  0.9528  0.0229  0.0203  1
  13:   0.0354  0.9083  0.0079  0.0484  1
  14:   0.0050  0.9752  0.0119  0.0079  1
  15:   0.2806  0.5408  0.0060  0.1726  1
  16:   0.0060  0.8880  0.0040  0.1020  1
  17:   0.0186  0.8865  0.0750  0.0199  1
  18:   0.0058  0.9870  0.0040  0.0032  1
  19:   0.0069  0.9791  0.0089  0.0051  1
  20:   0.0202  0.8326  0.0050  0.1423  1
  21:   0.0090  0.9636  0.0068  0.0206  1
  22:   0.0111  0.9195  0.0050  0.0644  1
  23:   0.0068  0.9658  0.0204  0.0070  1
  24:   0.0040  0.9845  0.0040  0.0075  1
  25:   0.0030  0.9795  0.0030  0.0145  1
  26:   0.0289  0.0490  0.0039  0.9182  1
  27:   0.0070  0.8764  0.1126  0.0040  1
  28:   0.4571  0.0072  0.0040  0.5317  1
  29:   0.0060  0.8421  0.0705  0.0814  1
  30:   0.0060  0.8641  0.0070  0.1229  1
  31:   0.0481  0.3750  0.0160  0.5609  1
  32:   0.0060  0.9764  0.0094  0.0082  1
  33:   0.0058  0.9799  0.0083  0.0060  1
  34:   0.0400  0.9294  0.0206  0.0100  1
  35:   0.0131  0.7689  0.0743  0.1437  1
  36:   0.0060  0.9670  0.0050  0.0220  1
  37:   0.1518  0.8056  0.0060  0.0366  1
  38:   0.0040  0.9870  0.0050  0.0040  1
  39:   0.0080  0.1834  0.0090  0.7996  1
  40:   0.0070  0.0492  0.0061  0.9377  1
  41:   0.0381  0.9511  0.0038  0.0070  1
  42:   0.0291  0.9279  0.0082  0.0348  1
  43:   0.0060  0.9646  0.0020  0.0274  1
  44:   0.0129  0.9731  0.0080  0.0060  1
  45:   0.0098  0.9682  0.0160  0.0060  1
  46:   0.0070  0.9745  0.0061  0.0124  1
  47:   0.0114  0.8873  0.0140  0.0873  1
  48:   0.0101  0.9450  0.0046  0.0403  1
  49:   0.0073  0.9746  0.0070  0.0111  1
  50:   0.0502  0.0159  0.0453  0.8886  1
  51:   0.0150  0.1564  0.0210  0.8076  1
  52:   0.0100  0.7600  0.0120  0.2180  1
  53:   0.0141  0.9578  0.0030  0.0251  1
  54:   0.0122  0.9728  0.0070  0.0080  1
  55:   0.0079  0.9715  0.0166  0.0040  1
  56:   0.0129  0.9761  0.0040  0.0070  1
  57:   0.0081  0.9776  0.0113  0.0030  1
  58:   0.0050  0.9751  0.0030  0.0169  1
  59:   0.0136  0.9684  0.0100  0.0080  1
  60:   0.0333  0.9054  0.0100  0.0513  1
  61:   0.0210  0.9422  0.0111  0.0257  1
  62:   0.0030  0.9862  0.0038  0.0070  1
  63:   0.0229  0.9412  0.0040  0.0319  1
  64:   0.0119  0.8542  0.0070  0.1269  1
  65:   0.0186  0.5538  0.0682  0.3594  1
  66:   0.0891  0.1523  0.0070  0.7516  1
  67:   0.0078  0.9680  0.0080  0.0162  1
  68:   0.0090  0.9749  0.0050  0.0111  1
  69:   0.0334  0.4975  0.0280  0.4411  1
  70:   0.0030  0.9842  0.0078  0.0050  1
  71:   0.0062  0.9736  0.0104  0.0098  1
  72:   0.0028  0.9912  0.0020  0.0040  1
  73:   0.0050  0.8039  0.0070  0.1841  1
  74:   0.0152  0.9692  0.0030  0.0126  1
  75:   0.0070  0.9847  0.0043  0.0040  1
  76:   0.0080  0.8302  0.0138  0.1480  1
  77:   0.0070  0.9519  0.0113  0.0298  1
  78:   0.0182  0.9364  0.0308  0.0146  1
  79:   0.0158  0.9686  0.0109  0.0047  1
  80:   0.0078  0.9756  0.0067  0.0099  1
  81:   0.1481  0.7405  0.0050  0.1064  1
  82:   0.0040  0.9908  0.0022  0.0030  1
  83:   0.0059  0.9789  0.0080  0.0072  1
  84:   0.0120  0.8969  0.0060  0.0851  1
  85:   0.0030  0.9900  0.0040  0.0030  1
  86:   0.0309  0.4048  0.0070  0.5573  1
  87:   0.0354  0.9185  0.0260  0.0201  1
  88:   0.0060  0.9750  0.0120  0.0070  1
  89:   0.0080  0.9820  0.0030  0.0070  1
  90:   0.0070  0.9526  0.0050  0.0354  1
  91:   0.0124  0.3388  0.0030  0.6458  1
  92:   0.0843  0.2524  0.0130  0.6503  1
  93:   0.0030  0.9852  0.0068  0.0050  1
  94:   0.0082  0.9668  0.0180  0.0070  1
  95:   0.0697  0.8108  0.0030  0.1165  1
  96:   0.0282  0.1640  0.0030  0.8049  1
  97:   0.0201  0.9068  0.0590  0.0141  1
  98:   0.0113  0.9406  0.0113  0.0368  1
  99:   0.0100  0.9741  0.0089  0.0070  1
 100:   0.0195  0.9599  0.0068  0.0138  1
 101:   0.0116  0.9610  0.0134  0.0140  1
 102:   0.0101  0.9572  0.0100  0.0227  1
 103:   0.0212  0.7561  0.0050  0.2177  1
 104:   0.0120  0.9780  0.0050  0.0050  1
 105:   0.0152  0.9670  0.0117  0.0061  1
 106:   0.0090  0.9815  0.0050  0.0045  1
 107:   0.0070  0.9293  0.0074  0.0563  1
 108:   0.0844  0.3343  0.0090  0.5722  1
 109:   0.0030  0.9800  0.0070  0.0100  1
 110:   0.0272  0.0652  0.2390  0.6686  1
 111:   0.0172  0.9716  0.0050  0.0062  1
 112:   0.0030  0.9900  0.0030  0.0040  1
 113:   0.7024  0.2312  0.0305  0.0359  1
 114:   0.0070  0.9720  0.0070  0.0140  1
 115:   0.0129  0.9750  0.0061  0.0060  1
 116:   0.0060  0.9679  0.0071  0.0190  1
 117:   0.0090  0.7998  0.0080  0.1832  1
 118:   0.0030  0.9831  0.0030  0.0109  1
 119:   0.0159  0.9642  0.0080  0.0119  1
 120:   0.0195  0.8955  0.0040  0.0810  1
 121:   0.4139  0.3383  0.0040  0.2437  1
 122:   0.0290  0.9301  0.0094  0.0315  1
 123:   0.0153  0.3197  0.0050  0.6600  1
 124:   0.0439  0.9461  0.0050  0.0050  1
 125:   0.0040  0.9819  0.0030  0.0111  1
 126:   0.0342  0.9012  0.0495  0.0151  1
 127:   0.0133  0.9107  0.0214  0.0546  1
 128:   0.0151  0.0959  0.0140  0.8750  1
 129:   0.0647  0.8611  0.0049  0.0694  1
 130:   0.0100  0.9772  0.0030  0.0098  1
 131:   0.0040  0.9710  0.0160  0.0090  1
 132:   0.0129  0.8912  0.0467  0.0492  1
 133:   0.0050  0.9851  0.0050  0.0049  1
 134:   0.0030  0.9868  0.0062  0.0040  1
 135:   0.0080  0.9593  0.0130  0.0197  1
 136:   0.0090  0.9300  0.0080  0.0530  1
 137:   0.0304  0.9316  0.0055  0.0325  1
 138:   0.0040  0.9780  0.0060  0.0120  1
 139:   0.0154  0.6132  0.0434  0.3280  1
 140:   0.0100  0.9667  0.0122  0.0111  1
 141:   0.1291  0.8066  0.0603  0.0040  1
 142:   0.0281  0.8732  0.0318  0.0669  1
 143:   0.0040  0.9850  0.0060  0.0050  1
 144:   0.5558  0.0325  0.0060  0.4057  1
 145:   0.0656  0.8900  0.0060  0.0384  1
 146:   0.0090  0.9750  0.0090  0.0070  1
 147:   0.0070  0.9559  0.0071  0.0300  1
 148:   0.0280  0.0320  0.0140  0.9260  1
 149:   0.0234  0.9470  0.0107  0.0189  1
 150:   0.0223  0.0501  0.0060  0.9216  1
 151:   0.0060  0.9747  0.0113  0.0080  1
 152:   0.0073  0.9197  0.0070  0.0660  1
 153:   0.1203  0.8571  0.0080  0.0146  1
 154:   0.0030  0.9810  0.0090  0.0070  1
 155:   0.0054  0.9701  0.0118  0.0127  1
 156:   0.0060  0.9780  0.0070  0.0090  1
 157:   0.0491  0.9294  0.0089  0.0126  1
 158:   0.1217  0.2820  0.0248  0.5715  1
 159:   0.0656  0.8997  0.0169  0.0178  1
 160:   0.0138  0.9510  0.0120  0.0232  1
 161:   0.0060  0.9516  0.0368  0.0056  1
 162:   0.1644  0.7779  0.0087  0.0490  1
 163:   0.0060  0.9702  0.0148  0.0090  1
 164:   0.0198  0.7941  0.0110  0.1751  1
 165:   0.0050  0.9860  0.0030  0.0060  1
 166:   0.0070  0.9606  0.0148  0.0176  1
 167:   0.0040  0.9800  0.0090  0.0070  1
 168:   0.0090  0.9220  0.0070  0.0620  1
 169:   0.0079  0.9791  0.0050  0.0080  1
 170:   0.0249  0.0703  0.0198  0.8850  1
 171:   0.0159  0.9399  0.0078  0.0364  1
 172:   0.0291  0.6672  0.0282  0.2755  1
 173:   0.0117  0.9697  0.0084  0.0102  1
 174:   0.0060  0.9715  0.0052  0.0173  1
 175:   0.0030  0.9880  0.0040  0.0050  1
 176:   0.0189  0.8346  0.1072  0.0393  1
 177:   0.0050  0.9829  0.0071  0.0050  1
 178:   0.0087  0.9683  0.0110  0.0120  1
 179:   0.0050  0.6757  0.3153  0.0040  1
 180:   0.0037  0.9863  0.0040  0.0060  1
 181:   0.0205  0.0201  0.0042  0.9552  1
 182:   0.0059  0.8938  0.0020  0.0983  1
 183:   0.0050  0.9799  0.0030  0.0121  1
 184:   0.1008  0.4170  0.0058  0.4765  1
 185:   0.0164  0.9686  0.0060  0.0090  1
 186:   0.0181  0.8996  0.0054  0.0769  1
 187:   0.0289  0.8320  0.0089  0.1302  1
 188:   0.0030  0.9894  0.0040  0.0036  1
 189:   0.0242  0.9559  0.0028  0.0171  1
 190:   0.0235  0.9026  0.0030  0.0709  1
 191:   0.0127  0.9236  0.0080  0.0557  1
 192:   0.0074  0.9786  0.0040  0.0100  1
 193:   0.0352  0.9308  0.0130  0.0210  1
 194:   0.1043  0.7315  0.0286  0.1356  1
 195:   0.0100  0.8898  0.0100  0.0902  1
 196:   0.0048  0.9762  0.0150  0.0040  1
 197:   0.0080  0.9818  0.0042  0.0060  1
 198:   0.0070  0.0231  0.0080  0.9619  1
 199:   0.0190  0.0422  0.0363  0.9025  1
 200:   0.6150  0.0591  0.0050  0.3209  1
 201:   0.2342  0.0143  0.0049  0.7467  1
 202:   0.0111  0.2673  0.0127  0.7089  1
 203:   0.0202  0.0168  0.0040  0.9590  1
 204:   0.0137  0.0370  0.0150  0.9343  1
 205:   0.0199  0.0107  0.0099  0.9595  1
 206:   0.0083  0.0111  0.0040  0.9766  1
 207:   0.0266  0.0276  0.0077  0.9381  1
 208:   0.0070  0.0060  0.0045  0.9825  1
 209:   0.0040  0.0465  0.0046  0.9449  1
 210:   0.0070  0.0235  0.0074  0.9621  1
 211:   0.0269  0.0159  0.0328  0.9244  1
 212:   0.0145  0.0136  0.0049  0.9670  1
 213:   0.0070  0.0215  0.0070  0.9645  1
 214:   0.2401  0.0741  0.1201  0.5657  1
 215:   0.0043  0.0080  0.0035  0.9842  1
 216:   0.0081  0.1313  0.0059  0.8547  1
 217:   0.0717  0.0060  0.0092  0.9131  1
 218:   0.1668  0.0145  0.0060  0.8127  1
 219:   0.0121  0.0083  0.0552  0.9244  1
 220:   0.0090  0.0166  0.0020  0.9724  1
 221:   0.0104  0.0309  0.0306  0.9281  1
 222:   0.0449  0.1503  0.0234  0.7813  1
 223:   0.1266  0.0966  0.0120  0.7648  1
 224:   0.0050  0.0149  0.0030  0.9771  1
 225:   0.0185  0.0160  0.0060  0.9595  1
 226:   0.0226  0.0120  0.0042  0.9612  1
 227:   0.0150  0.0162  0.0109  0.9579  1
 228:   0.0086  0.0131  0.0267  0.9516  1
 229:   0.0047  0.0049  0.0030  0.9874  1
 230:   0.0887  0.0581  0.0808  0.7724  1
 231:   0.0131  0.0060  0.0079  0.9730  1
 232:   0.0070  0.0136  0.0040  0.9754  1
 233:   0.0109  0.1449  0.0050  0.8392  1
 234:   0.0427  0.0408  0.0080  0.9085  1
 235:   0.0139  0.0133  0.0307  0.9421  1
 236:   0.2354  0.0195  0.0250  0.7201  1
 237:   0.0120  0.0160  0.0067  0.9653  1
 238:   0.0229  0.0439  0.0100  0.9232  1
 239:   0.0040  0.0124  0.0040  0.9796  1
 240:   0.0600  0.0089  0.0835  0.8476  1
 241:   0.0120  0.0203  0.0158  0.9519  1
 242:   0.0097  0.0275  0.0050  0.9578  1
 243:   0.0288  0.0156  0.0045  0.9511  1
 244:   0.0404  0.0196  0.0050  0.9350  1
 245:   0.2802  0.0257  0.0120  0.6821  1
 246:   0.0140  0.0200  0.0060  0.9600  1
 247:   0.0071  0.0145  0.0070  0.9714  1
 248:   0.0212  0.0090  0.0030  0.9668  1
 249:   0.0088  0.0102  0.0050  0.9760  1
 250:   0.0183  0.0090  0.0052  0.9675  1
 251:   0.0235  0.0216  0.0582  0.8967  1
 252:   0.0211  0.0079  0.0030  0.9680  1
 253:   0.1094  0.0132  0.0249  0.8525  1
 254:   0.0358  0.0490  0.0030  0.9122  1
 255:   0.0040  0.1918  0.0030  0.8012  1
 256:   0.0050  0.0070  0.0040  0.9840  1
 257:   0.0089  0.0292  0.0102  0.9517  1
 258:   0.0080  0.0333  0.0043  0.9544  1
 259:   0.0097  0.0149  0.0200  0.9554  1
 260:   0.0430  0.0328  0.0100  0.9142  1
 261:   0.0621  0.0419  0.0079  0.8881  1
 262:   0.0050  0.0502  0.0050  0.9398  1
 263:   0.0239  0.0178  0.0030  0.9553  1
 264:   0.0080  0.0166  0.0040  0.9714  1
 265:   0.0080  0.0141  0.0090  0.9689  1
 266:   0.0074  0.0070  0.0030  0.9826  1
 267:   0.0579  0.0138  0.0061  0.9222  1
 268:   0.0090  0.0099  0.0030  0.9781  1
 269:   0.0176  0.0167  0.0677  0.8980  1
 270:   0.0218  0.1094  0.0030  0.8659  1
 271:   0.0100  0.0134  0.0060  0.9706  1
 272:   0.0580  0.0311  0.0199  0.8910  1
 273:   0.0160  0.0099  0.0199  0.9542  1
 274:   0.0210  0.0486  0.0108  0.9196  1
 275:   0.0109  0.0150  0.0067  0.9674  1
 276:   0.0060  0.0090  0.0059  0.9791  1
 277:   0.0100  0.0057  0.0030  0.9813  1
 278:   0.0095  0.0080  0.0435  0.9390  1
 279:   0.0278  0.1101  0.0060  0.8561  1
 280:   0.0092  0.0082  0.0090  0.9736  1
 281:   0.0110  0.0120  0.0130  0.9640  1
 282:   0.0110  0.0330  0.0040  0.9520  1
 283:   0.0060  0.0072  0.0160  0.9708  1
 284:   0.0079  0.0195  0.0040  0.9686  1
 285:   0.0485  0.0536  0.0114  0.8865  1
 286:   0.0172  0.0088  0.0060  0.9680  1
 287:   0.0100  0.0079  0.0180  0.9641  1
 288:   0.0120  0.0148  0.0042  0.9690  1
 289:   0.0146  0.0216  0.0040  0.9598  1
 290:   0.0396  0.4064  0.0070  0.5470  1
 291:   0.0284  0.0040  0.0050  0.9626  1
 292:   0.0070  0.0864  0.0070  0.8997  1
 293:   0.0070  0.0104  0.0030  0.9796  1
 294:   0.0070  0.0174  0.0924  0.8832  1
 295:   0.0245  0.0116  0.0342  0.9297  1
 296:   0.0159  0.0271  0.0020  0.9550  1
 297:   0.0427  0.0581  0.0384  0.8608  1
 298:   0.0090  0.0550  0.0040  0.9320  1
 299:   0.0082  0.0050  0.0050  0.9818  1
 300:   0.0167  0.0160  0.0050  0.9623  1
 301:   0.0975  0.2338  0.0140  0.6547  1
 302:   0.0450  0.0100  0.0057  0.9393  1
 303:   0.0078  0.0056  0.0234  0.9632  1
 304:   0.0160  0.0160  0.0080  0.9600  1
 305:   0.0144  0.0176  0.0050  0.9630  1
 306:   0.0050  0.0201  0.0060  0.9689  1
 307:   0.0457  0.1722  0.0199  0.7622  1
 308:   0.0078  0.0040  0.0031  0.9851  1
 309:   0.0138  0.0193  0.0030  0.9639  1
 310:   0.0082  0.0091  0.0102  0.9725  1
 311:   0.0229  0.0481  0.0070  0.9220  1
 312:   0.0240  0.0357  0.0090  0.9313  1
 313:   0.0112  0.0547  0.0030  0.9311  1
 314:   0.0100  0.0090  0.0030  0.9780  1
 315:   0.0215  0.0145  0.0133  0.9507  1
 316:   0.0121  0.0191  0.0050  0.9638  1
 317:   0.0123  0.0060  0.0052  0.9765  1
 318:   0.0070  0.0565  0.0070  0.9295  1
 319:   0.0054  0.0257  0.0050  0.9639  1
 320:   0.0180  0.0218  0.0474  0.9128  1
 321:   0.0214  0.0253  0.0159  0.9374  1
 322:   0.0064  0.0917  0.0043  0.8976  1
 323:   0.0201  0.0140  0.0040  0.9619  1
 324:   0.0120  0.0111  0.0069  0.9700  1
 325:   0.0138  0.0175  0.0167  0.9520  1
 326:   0.0080  0.0050  0.0020  0.9850  1
 327:   0.0080  0.0108  0.0125  0.9687  1
 328:   0.2066  0.0176  0.0073  0.7685  1
 329:   0.0129  0.0070  0.0060  0.9741  1
 330:   0.0471  0.0122  0.0060  0.9347  1
 331:   0.0076  0.0050  0.0040  0.9834  1
 332:   0.0275  0.2192  0.0116  0.7417  1
 333:   0.0050  0.0287  0.0030  0.9633  1
 334:   0.0503  0.1247  0.0391  0.7859  1
 335:   0.0181  0.0117  0.0698  0.9004  1
 336:   0.0050  0.0064  0.0022  0.9864  1
 337:   0.0083  0.0095  0.0040  0.9782  1
 338:   0.0079  0.0176  0.0090  0.9655  1
 339:   0.0206  0.0597  0.0031  0.9165  1
 340:   0.0050  0.0279  0.0255  0.9416  1
 341:   0.0076  0.0070  0.0040  0.9814  1
 342:   0.0120  0.0462  0.0060  0.9358  1
 343:   0.0181  0.0068  0.0030  0.9721  1
 344:   0.0070  0.0070  0.0055  0.9805  1
 345:   0.0114  0.0109  0.0030  0.9747  1
 346:   0.0156  0.0130  0.0049  0.9665  1
 347:   0.0228  0.0112  0.0089  0.9571  1
 348:   0.0179  0.0210  0.0217  0.9394  1
 349:   0.0062  0.0740  0.0054  0.9144  1
 350:   0.0040  0.0127  0.0040  0.9793  1
 351:   0.0080  0.0079  0.0064  0.9777  1
 352:   0.0801  0.0394  0.0456  0.8349  1
 353:   0.0146  0.0100  0.0060  0.9694  1
 354:   0.0110  0.0114  0.0117  0.9659  1
 355:   0.0439  0.0166  0.0140  0.9255  1
 356:   0.0053  0.0161  0.0398  0.9388  1
 357:   0.0379  0.0418  0.0040  0.9163  1
 358:   0.0054  0.0144  0.0080  0.9722  1
 359:   0.0433  0.0330  0.0924  0.8313  1
 360:   0.1205  0.1988  0.0118  0.6689  1
 361:   0.0121  0.0120  0.0089  0.9670  1
 362:   0.1402  0.0090  0.0024  0.8484  1
 363:   0.1046  0.0239  0.0210  0.8505  1
 364:   0.0233  0.0080  0.0100  0.9587  1
 365:   0.0277  0.1623  0.0219  0.7881  1
 366:   0.0221  0.0176  0.0328  0.9275  1
 367:   0.0111  0.0085  0.0130  0.9674  1
 368:   0.0050  0.0060  0.0057  0.9833  1
 369:   0.0127  0.0051  0.0030  0.9792  1
 370:   0.0040  0.0070  0.0030  0.9860  1
 371:   0.0171  0.0419  0.0050  0.9360  1
 372:   0.0090  0.0069  0.0091  0.9750  1
 373:   0.0110  0.0080  0.0060  0.9750  1
 374:   0.0132  0.0168  0.0090  0.9610  1
 375:   0.0735  0.0091  0.0063  0.9111  1
 376:   0.0069  0.0060  0.0090  0.9781  1
 377:   0.0149  0.0268  0.0090  0.9493  1
 378:   0.0219  0.0164  0.0050  0.9567  1
 379:   0.0928  0.0926  0.0170  0.7976  1
 380:   0.0195  0.0133  0.0060  0.9612  1
 381:   0.2060  0.0151  0.0045  0.7744  1
 382:   0.0040  0.0468  0.0834  0.8658  1
 383:   0.0040  0.0314  0.0050  0.9596  1
 384:   0.0111  0.0251  0.0055  0.9583  1
 385:   0.0100  0.0287  0.0050  0.9563  1
 386:   0.0060  0.0118  0.0424  0.9398  1
 387:   0.0060  0.1047  0.0421  0.8472  1
 388:   0.0268  0.0404  0.0060  0.9268  1
 389:   0.0177  0.0307  0.0230  0.9286  1
 390:   0.0202  0.0133  0.0020  0.9645  1
 391:   0.0463  0.0090  0.0040  0.9407  1
 392:   0.0100  0.0161  0.0041  0.9698  1
 393:   0.0150  0.0201  0.0030  0.9619  1
 394:   0.0244  0.1208  0.0097  0.8451  1
 395:   0.0722  0.1660  0.0527  0.7092  1
 396:   0.1663  0.0246  0.0569  0.7522  1
 397:   0.0170  0.0091  0.0060  0.9679  1
 398:   0.0060  0.0090  0.0060  0.9790  1
 399:   0.0060  0.0082  0.0020  0.9838  1
 400:   0.0187  0.0070  0.0029  0.9714  1
 401:   0.0112  0.0070  0.0145  0.9673  1
 402:   0.1090  0.0847  0.0216  0.7847  1
 403:   0.0140  0.0122  0.0040  0.9698  1
 404:   0.0079  0.0040  0.0020  0.9861  1
 405:   0.0048  0.0050  0.0020  0.9882  1
 406:   0.0520  0.0124  0.0526  0.8830  1
 407:   0.0081  0.0198  0.0099  0.9622  1
 408:   0.0350  0.0119  0.0198  0.9333  1
 409:   0.0716  0.0050  0.0070  0.9164  1
 410:   0.0235  0.0042  0.0050  0.9673  1
 411:   0.0062  0.0327  0.0050  0.9561  1
 412:   0.0259  0.6621  0.0232  0.2888  1
 413:   0.0060  0.0074  0.0080  0.9786  1
 414:   0.0050  0.0207  0.0159  0.9584  1
 415:   0.0067  0.0078  0.0143  0.9712  1
 416:   0.0208  0.0070  0.0101  0.9621  1
 417:   0.0224  0.0253  0.0100  0.9423  1
 418:   0.0050  0.0050  0.0020  0.9880  1
 419:   0.0112  0.0234  0.0070  0.9584  1
 420:   0.0083  0.0150  0.0072  0.9695  1
 421:   0.0060  0.0100  0.0067  0.9773  1
 422:   0.0055  0.0080  0.0061  0.9804  1
 423:   0.0060  0.0119  0.0040  0.9781  1
 424:   0.0072  0.0138  0.0121  0.9669  1
 425:   0.0192  0.0461  0.0058  0.9289  1
 426:   0.0449  0.0479  0.0050  0.9022  1
 427:   0.0091  0.0912  0.0083  0.8914  1
 428:   0.0240  0.0065  0.0050  0.9645  1
 429:   0.0408  0.2602  0.0115  0.6875  1
 430:   0.0456  0.0943  0.0070  0.8531  1
 431:   0.1145  0.0172  0.0050  0.8633  1
 432:   0.0263  0.0194  0.0414  0.9129  1
 433:   0.0088  0.0106  0.0067  0.9739  1
 434:   0.0110  0.0090  0.0025  0.9775  1
 435:   0.0458  0.0531  0.0080  0.8930  1
 436:   0.0539  0.0130  0.0140  0.9191  1
 437:   0.0050  0.0204  0.0030  0.9716  1
 438:   0.0166  0.0221  0.0078  0.9535  1
 439:   0.0200  0.0114  0.0043  0.9643  1
 440:   0.0271  0.0091  0.0090  0.9548  1
 441:   0.0584  0.0077  0.0113  0.9226  1
 442:   0.0070  0.0050  0.0030  0.9850  1
 443:   0.0486  0.5821  0.0591  0.3102  1
 444:   0.0110  0.0228  0.0040  0.9622  1
 445:   0.0090  0.0098  0.0040  0.9772  1
 446:   0.0319  0.0070  0.0036  0.9575  1
 447:   0.0070  0.0060  0.0090  0.9780  1
 448:   0.0465  0.0070  0.0060  0.9405  1
 449:   0.0154  0.0039  0.0074  0.9733  1
 450:   0.1106  0.0227  0.0127  0.8540  1
 451:   0.1219  0.0147  0.0060  0.8574  1
 452:   0.0070  0.2467  0.0061  0.7402  1
 453:   0.0289  0.0050  0.0040  0.9621  1
 454:   0.0080  0.0060  0.0080  0.9780  1
 455:   0.0030  0.0167  0.0030  0.9773  1
 456:   0.0890  0.0072  0.0043  0.8995  1
 457:   0.0284  0.0182  0.0049  0.9485  1
 458:   0.0155  0.0060  0.0060  0.9725  1
 459:   0.0090  0.0141  0.0050  0.9719  1
 460:   0.0171  0.0050  0.0070  0.9709  1
 461:   0.0168  0.0070  0.0194  0.9568  1
 462:   0.0050  0.0323  0.0093  0.9534  1
 463:   0.0619  0.0105  0.0170  0.9106  1
 464:   0.0054  0.0834  0.0207  0.8905  1
 465:   0.0102  0.0060  0.0095  0.9743  1
 466:   0.0080  0.0738  0.0530  0.8652  1
 467:   0.0072  0.0069  0.0160  0.9699  1
 468:   0.0121  0.9121  0.0040  0.0718  1
 469:   0.0049  0.0121  0.0030  0.9800  1
 470:   0.0551  0.0779  0.0089  0.8582  1
 471:   0.1278  0.0080  0.0050  0.8592  1
 472:   0.0090  0.0090  0.0040  0.9780  1
 473:   0.0987  0.3564  0.0050  0.5399  1
 474:   0.0131  0.0119  0.0037  0.9713  1
 475:   0.5296  0.0315  0.0030  0.4359  1
 476:   0.0211  0.1411  0.0050  0.8328  1
 477:   0.0101  0.0060  0.0095  0.9744  1
 478:   0.0105  0.0173  0.0094  0.9628  1
 479:   0.0154  0.0218  0.0177  0.9451  1
 480:   0.0181  0.0070  0.0119  0.9630  1
 481:   0.0169  0.0169  0.0030  0.9632  1
 482:   0.0231  0.4463  0.0044  0.5262  1
 483:   0.0784  0.0080  0.0050  0.9086  1
 484:   0.0221  0.0232  0.0070  0.9477  1
 485:   0.0050  0.0100  0.0040  0.9810  1
 486:   0.0109  0.0683  0.0153  0.9055  1
 487:   0.0059  0.0227  0.0040  0.9674  1
 488:   0.0495  0.0115  0.0050  0.9340  1
 489:   0.0119  0.0260  0.0093  0.9528  1
 490:   0.0168  0.0089  0.0050  0.9693  1
 491:   0.0040  0.0069  0.0028  0.9863  1
 492:   0.0173  0.0031  0.0090  0.9706  1
 493:   0.0060  0.0060  0.0040  0.9840  1
 494:   0.0066  0.0100  0.0030  0.9804  1
 495:   0.0150  0.0112  0.0040  0.9698  1
 496:   0.0070  0.0064  0.0099  0.9767  1
 497:   0.1440  0.0358  0.0276  0.7925  1
 498:   0.0100  0.0135  0.0030  0.9735  1
 499:   0.0101  0.0255  0.0071  0.9573  1
 500:   0.0154  0.0495  0.0040  0.9311  1
 501:   0.0069  0.0119  0.0040  0.9772  1
 502:   0.0209  0.0194  0.0070  0.9527  1
 503:   0.0080  0.2324  0.0049  0.7547  1
 504:   0.0050  0.0090  0.0050  0.9810  1
 505:   0.0104  0.0040  0.0040  0.9816  1
 506:   0.0497  0.0321  0.0112  0.9070  1
 507:   0.0154  0.0095  0.0030  0.9721  1
 508:   0.2097  0.1230  0.2038  0.4636  1
 509:   0.0089  0.0080  0.0030  0.9801  1
 510:   0.0263  0.0201  0.0070  0.9466  1
 511:   0.0677  0.0141  0.0255  0.8927  1
 512:   0.0100  0.0104  0.0129  0.9667  1
 513:   0.0110  0.0119  0.0060  0.9711  1
 514:   0.0076  0.0526  0.0219  0.9179  1
 515:   0.0243  0.0137  0.0120  0.9500  1
 516:   0.0080  0.0090  0.0110  0.9720  1
 517:   0.0120  0.0130  0.0030  0.9720  1
 518:   0.0490  0.0068  0.0050  0.9392  1
 519:   0.0040  0.0030  0.0040  0.9890  1
 520:   0.0364  0.0249  0.0344  0.9043  1
 521:   0.0080  0.0117  0.0040  0.9763  1
 522:   0.0326  0.0070  0.0110  0.9494  1
 523:   0.0080  0.0183  0.0030  0.9707  1
 524:   0.0084  0.0183  0.0040  0.9693  1
 525:   0.0070  0.0241  0.0049  0.9640  1
 526:   0.0050  0.0164  0.0034  0.9752  1
 527:   0.0210  0.0070  0.0080  0.9640  1
 528:   0.0080  0.0080  0.0110  0.9730  1
 529:   0.0248  0.0160  0.0119  0.9473  1
 530:   0.0091  0.0090  0.0529  0.9290  1
 531:   0.0170  0.0090  0.0134  0.9606  1
 532:   0.0060  0.0030  0.0030  0.9880  1
 533:   0.0197  0.0080  0.0050  0.9673  1
 534:   0.0302  0.0170  0.0370  0.9158  1
 535:   0.0167  0.2710  0.0264  0.6859  1
 536:   0.0080  0.0078  0.0109  0.9733  1
 537:   0.0060  0.0060  0.0030  0.9850  1
 538:   0.0060  0.0317  0.0020  0.9603  1
 539:   0.0080  0.0070  0.0060  0.9790  1
 540:   0.0352  0.0240  0.0050  0.9358  1
 541:   0.0488  0.2323  0.0156  0.7032  1
 542:   0.0175  0.0203  0.0187  0.9435  1
 543:   0.0088  0.0828  0.0177  0.8907  1
 544:   0.0115  0.0041  0.0030  0.9814  1
 545:   0.0070  0.0071  0.0048  0.9811  1
 546:   0.0078  0.0368  0.0050  0.9504  1
 547:   0.0178  0.0090  0.0040  0.9692  1
 548:   0.0073  0.1893  0.0031  0.8003  1
 549:   0.0070  0.0270  0.0040  0.9620  1
 550:   0.0110  0.0061  0.0040  0.9789  1
 551:   0.0887  0.0118  0.0062  0.8933  1
 552:   0.0158  0.0668  0.0040  0.9133  1
 553:   0.0248  0.1706  0.0040  0.8006  1
 554:   0.0082  0.0068  0.0048  0.9802  1
 555:   0.0040  0.0256  0.0040  0.9664  1
 556:   0.0122  0.0090  0.0080  0.9708  1
 557:   0.0148  0.0050  0.0070  0.9732  1
 558:   0.0440  0.0060  0.0050  0.9450  1
 559:   0.0079  0.0134  0.0841  0.8946  1
 560:   0.0152  0.0096  0.0080  0.9672  1
 561:   0.0090  0.0060  0.0050  0.9800  1
 562:   0.0224  0.0837  0.0100  0.8839  1
 563:   0.0070  0.0070  0.0030  0.9830  1
 564:   0.0075  0.0268  0.0030  0.9627  1
 565:   0.0100  0.1055  0.0050  0.8795  1
 566:   0.0315  0.0110  0.0110  0.9465  1
 567:   0.0061  0.0060  0.0040  0.9839  1
 568:   0.0119  0.0090  0.0071  0.9720  1
 569:   0.0173  0.0070  0.0070  0.9687  1
 570:   0.0076  0.0180  0.0040  0.9704  1
 571:   0.0080  0.0091  0.0020  0.9809  1
 572:   0.0090  0.0165  0.0066  0.9679  1
 573:   0.0157  0.0060  0.0040  0.9743  1
 574:   0.0070  0.0775  0.0020  0.9135  1
 575:   0.0042  0.5714  0.0150  0.4094  1
 576:   0.0260  0.0124  0.0097  0.9519  1
 577:   0.1547  0.0119  0.0286  0.8048  1
 578:   0.0139  0.0130  0.0060  0.9671  1
 579:   0.0069  0.0061  0.0020  0.9850  1
 580:   0.0194  0.0154  0.0060  0.9592  1
 581:   0.0050  0.0144  0.0035  0.9771  1
 582:   0.0039  0.0808  0.0050  0.9103  1
 583:   0.0105  0.0047  0.0030  0.9818  1
 584:   0.0061  0.0095  0.0020  0.9824  1
 585:   0.0108  0.0050  0.0049  0.9793  1
 586:   0.0171  0.0140  0.0040  0.9649  1
 587:   0.0060  0.0162  0.0050  0.9728  1
 588:   0.0094  0.0169  0.0050  0.9687  1
 589:   0.0114  0.0109  0.0030  0.9747  1
 590:   0.0376  0.0080  0.0080  0.9464  1
 591:   0.0120  0.0428  0.0070  0.9382  1
 592:   0.1337  0.0166  0.0100  0.8397  1
 593:   0.0100  0.0040  0.0110  0.9750  1
 594:   0.0090  0.0060  0.0040  0.9810  1
 595:   0.0080  0.0090  0.0188  0.9642  1
 596:   0.0060  0.0434  0.0060  0.9446  1
 597:   0.0040  0.0290  0.0060  0.9610  1
 598:   0.0069  0.0120  0.0060  0.9751  1
 599:   0.0391  0.0141  0.0034  0.9434  1
 600:   0.0080  0.0158  0.0080  0.9682  1
 601:   0.0050  0.0140  0.0050  0.9760  1
 602:   0.0138  0.0161  0.0060  0.9641  1
 603:   0.0086  0.0050  0.0050  0.9814  1
 604:   0.0081  0.0104  0.0292  0.9523  1
 605:   0.0030  0.0285  0.0087  0.9598  1
 606:   0.0092  0.0099  0.0100  0.9709  1
 607:   0.1061  0.0995  0.0201  0.7743  1
 608:   0.0050  0.0090  0.0040  0.9820  1
 609:   0.1174  0.0073  0.0040  0.8713  1
 610:   0.0121  0.0066  0.0020  0.9793  1
 611:   0.0044  0.0068  0.0050  0.9838  1
 612:   0.0130  0.0393  0.0060  0.9417  1
 613:   0.0179  0.0178  0.0050  0.9593  1
 614:   0.0128  0.0071  0.0060  0.9741  1
 615:   0.0050  0.0100  0.0107  0.9743  1
 616:   0.0133  0.0539  0.0366  0.8962  1
 617:   0.0138  0.0183  0.0034  0.9645  1
 618:   0.0040  0.0567  0.0061  0.9331  1
 619:   0.0373  0.2627  0.0078  0.6922  1
 620:   0.0100  0.0060  0.0030  0.9810  1
 621:   0.0116  0.0426  0.0030  0.9428  1
 622:   0.2308  0.1058  0.0045  0.6589  1
 623:   0.0600  0.0180  0.0020  0.9200  1
 624:   0.0256  0.0218  0.0403  0.9123  1
 625:   0.0682  0.0222  0.0151  0.8945  1
 626:   0.0212  0.0137  0.0090  0.9561  1
 627:   0.0368  0.2313  0.0033  0.7286  1
 628:   0.0101  0.0118  0.0124  0.9657  1
 629:   0.0188  0.1127  0.0090  0.8595  1
 630:   0.0130  0.0430  0.0080  0.9360  1
 631:   0.0053  0.0778  0.0100  0.9069  1
 632:   0.0117  0.0101  0.0050  0.9732  1
 633:   0.0070  0.0050  0.0030  0.9850  1
 634:   0.0129  0.3801  0.0060  0.6010  1
 635:   0.0118  0.0060  0.0031  0.9791  1
 636:   0.0354  0.0060  0.0030  0.9556  1
 637:   0.0100  0.0070  0.0200  0.9630  1
 638:   0.0070  0.0129  0.0030  0.9771  1
 639:   0.0169  0.0082  0.0030  0.9719  1
 640:   0.0060  0.0040  0.0030  0.9870  1
 641:   0.0070  0.0411  0.0020  0.9499  1
 642:   0.0390  0.0070  0.0040  0.9500  1
 643:   0.0559  0.2963  0.0040  0.6438  1
 644:   0.0146  0.0100  0.0030  0.9724  1
 645:   0.0050  0.0333  0.0020  0.9597  1
 646:   0.0243  0.0260  0.0040  0.9457  1
 647:   0.0180  0.0083  0.0059  0.9678  1
 648:   0.0267  0.0058  0.0070  0.9605  1
 649:   0.1099  0.0176  0.0040  0.8685  1
 650:   0.0090  0.0199  0.0069  0.9642  1
 651:   0.0089  0.0120  0.0050  0.9741  1
 652:   0.0215  0.0110  0.0129  0.9546  1
 653:   0.0368  0.0111  0.0106  0.9415  1
 654:   0.0080  0.0115  0.2003  0.7802  1
 655:   0.0237  0.0222  0.0380  0.9161  1
 656:   0.0070  0.0110  0.0060  0.9760  1
 657:   0.0672  0.0133  0.0217  0.8978  1
 658:   0.0090  0.0351  0.0070  0.9489  1
 659:   0.0131  0.0118  0.0049  0.9702  1
 660:   0.0090  0.0060  0.0030  0.9820  1
 661:   0.0257  0.0090  0.0098  0.9555  1
 662:   0.0080  0.0572  0.0399  0.8949  1
 663:   0.0517  0.0100  0.0040  0.9343  1
 664:   0.0040  0.0050  0.0060  0.9850  1
 665:   0.0409  0.0090  0.0110  0.9391  1
 666:   0.0140  0.0259  0.0040  0.9561  1
 667:   0.0050  0.0229  0.0056  0.9665  1
 668:   0.0090  0.0142  0.0040  0.9728  1
 669:   0.0196  0.2406  0.0070  0.7328  1
 670:   0.0050  0.0050  0.0040  0.9860  1
 671:   0.0223  0.0169  0.0030  0.9578  1
 672:   0.0060  0.0050  0.0050  0.9840  1
 673:   0.0123  0.0247  0.0040  0.9590  1
 674:   0.0077  0.0050  0.0090  0.9783  1
 675:   0.0298  0.0118  0.0375  0.9209  1
 676:   0.0090  0.0078  0.0135  0.9697  1
 677:   0.0069  0.0068  0.0040  0.9823  1
 678:   0.0070  0.1432  0.0140  0.8358  1
 679:   0.0212  0.0214  0.0050  0.9524  1
 680:   0.1086  0.0316  0.0326  0.8272  1
 681:   0.0235  0.0186  0.0030  0.9549  1
 682:   0.0073  0.0165  0.0030  0.9732  1
 683:   0.0418  0.0099  0.0040  0.9443  1
 684:   0.0180  0.0299  0.0070  0.9451  1
 685:   0.0096  0.0090  0.0060  0.9754  1
 686:   0.1742  0.0090  0.0066  0.8102  1
 687:   0.0165  0.0264  0.0063  0.9508  1
 688:   0.0078  0.0070  0.0050  0.9802  1
 689:   0.1514  0.0080  0.0090  0.8316  1
 690:   0.0309  0.0274  0.0069  0.9348  1
 691:   0.0050  0.0149  0.0050  0.9751  1
 692:   0.0170  0.0105  0.0133  0.9592  1
 693:   0.5791  0.0622  0.0090  0.3497  1
 694:   0.0790  0.0297  0.0090  0.8823  1
 695:   0.0060  0.0080  0.0030  0.9830  1
 696:   0.0057  0.0126  0.0040  0.9777  1
 697:   0.0087  0.0171  0.0060  0.9682  1
 698:   0.0227  0.0060  0.0060  0.9653  1
 699:   0.0090  0.0169  0.0060  0.9681  1
 700:   0.0193  0.0180  0.0050  0.9577  1
 701:   0.0168  0.0117  0.0030  0.9685  1
 702:   0.0230  0.0503  0.0150  0.9117  1
 703:   0.0050  0.0068  0.0050  0.9832  1
 704:   0.0099  0.1052  0.0043  0.8806  1
 705:   0.0151  0.0126  0.0080  0.9643  1
 706:   0.0040  0.0070  0.0020  0.9870  1
 707:   0.0095  0.0231  0.0040  0.9634  1
 708:   0.0155  0.0183  0.0040  0.9622  1
 709:   0.0245  0.0151  0.0630  0.8975  1
 710:   0.0060  0.0358  0.0070  0.9512  1
 711:   0.2030  0.0191  0.0030  0.7749  1
 712:   0.2375  0.2481  0.0060  0.5084  1
 713:   0.0191  0.0113  0.0729  0.8967  1
 714:   0.0089  0.0060  0.0030  0.9821  1
 715:   0.0090  0.0114  0.0050  0.9746  1
 716:   0.0040  0.0030  0.0040  0.9890  1
 717:   0.0331  0.1868  0.0050  0.7751  1
 718:   0.0040  0.0083  0.0030  0.9847  1
 719:   0.0150  0.0151  0.0386  0.9313  1
 720:   0.0340  0.0375  0.0182  0.9103  1
 721:   0.0132  0.0071  0.0781  0.9016  1
 722:   0.0164  0.0051  0.0050  0.9735  1
 723:   0.0205  0.0097  0.0040  0.9658  1
 724:   0.0400  0.0176  0.0050  0.9374  1
 725:   0.0216  0.0270  0.0177  0.9337  1
 726:   0.0326  0.0336  0.0060  0.9278  1
 727:   0.0156  0.0119  0.0030  0.9695  1
 728:   0.0113  0.0050  0.0030  0.9807  1
 729:   0.0060  0.0235  0.0040  0.9665  1
 730:   0.0110  0.0090  0.0051  0.9749  1
 731:   0.0308  0.1767  0.0233  0.7692  1
 732:   0.0512  0.0519  0.0080  0.8889  1
 733:   0.0200  0.0069  0.0070  0.9661  1
 734:   0.0060  0.0874  0.0030  0.9036  1
 735:   0.0085  0.0196  0.0363  0.9356  1
 736:   0.0193  0.0070  0.0090  0.9647  1
 737:   0.0157  0.0223  0.0182  0.9438  1
 738:   0.0415  0.0775  0.0248  0.8562  1
 739:   0.0258  0.0195  0.0114  0.9433  1
 740:   0.0054  0.0085  0.0060  0.9801  1
 741:   0.0234  0.0185  0.0040  0.9541  1
 742:   0.0132  0.2730  0.0093  0.7045  1
 743:   0.0089  0.0891  0.0118  0.8902  1
 744:   0.0156  0.0293  0.0080  0.9471  1
 745:   0.0167  0.0110  0.0296  0.9427  1
 746:   0.0080  0.0092  0.0030  0.9798  1
 747:   0.0067  0.0099  0.0081  0.9753  1
 748:   0.0060  0.0062  0.0050  0.9828  1
 749:   0.0125  0.0499  0.0070  0.9306  1
 750:   0.0068  0.0086  0.0020  0.9826  1
 751:   0.0309  0.1189  0.0130  0.8372  1
 752:   0.0099  0.0108  0.0342  0.9451  1
 753:   0.0105  0.0129  0.0106  0.9660  1
 754:   0.0164  0.0204  0.0090  0.9542  1
 755:   0.0950  0.0135  0.0158  0.8757  1
 756:   0.0160  0.0361  0.0177  0.9302  1
 757:   0.0193  0.0234  0.0060  0.9513  1
 758:   0.0073  0.0040  0.0040  0.9847  1
 759:   0.0080  0.0054  0.0050  0.9816  1
 760:   0.1851  0.0118  0.0091  0.7940  1
 761:   0.0270  0.0109  0.0050  0.9571  1
 762:   0.0502  0.0325  0.0030  0.9143  1
 763:   0.0100  0.0052  0.0040  0.9808  1
 764:   0.0152  0.0084  0.0030  0.9734  1
 765:   0.0080  0.0067  0.0147  0.9706  1
 766:   0.0046  0.0101  0.0080  0.9773  1
 767:   0.0084  0.0161  0.0060  0.9695  1
 768:   0.0081  0.0174  0.0293  0.9452  1
 769:   0.0080  0.0060  0.0100  0.9760  1
 770:   0.0282  0.0208  0.0130  0.9380  1
 771:   0.0127  0.1205  0.0050  0.8618  1
 772:   0.0050  0.0063  0.0060  0.9827  1
 773:   0.0335  0.0284  0.0336  0.9045  1
 774:   0.0266  0.0255  0.1279  0.8200  1
 775:   0.0050  0.0750  0.0060  0.9140  1
 776:   0.0214  0.0119  0.0060  0.9607  1
 777:   0.0205  0.0351  0.0050  0.9394  1
 778:   0.0227  0.0414  0.0100  0.9259  1
 779:   0.0079  0.0050  0.0030  0.9841  1
 780:   0.0334  0.0243  0.2067  0.7355  1
 781:   0.0071  0.1731  0.0050  0.8148  1
 782:   0.0134  0.0068  0.0064  0.9734  1
 783:   0.0945  0.0100  0.0060  0.8895  1
 784:   0.0095  0.0124  0.0030  0.9751  1
 785:   0.0200  0.0290  0.0040  0.9470  1
 786:   0.0050  0.0050  0.0030  0.9870  1
 787:   0.0130  0.0094  0.0050  0.9726  1
 788:   0.0095  0.0081  0.0050  0.9774  1
 789:   0.0289  0.0050  0.0030  0.9631  1
 790:   0.0163  0.0107  0.0030  0.9700  1
 791:   0.0070  0.0110  0.0040  0.9780  1
 792:   0.0956  0.1135  0.0070  0.7839  1
 793:   0.0050  0.0136  0.0030  0.9784  1
 794:   0.0116  0.0088  0.0100  0.9696  1
 795:   0.0132  0.0380  0.0086  0.9402  1
 796:   0.0070  0.0254  0.0153  0.9523  1
 797:   0.0040  0.0080  0.0089  0.9791  1
 798:   0.1955  0.1414  0.0898  0.5733  1
 799:   0.0215  0.0060  0.0170  0.9555  1
 800:   0.0050  0.0086  0.0030  0.9834  1
 801:   0.0030  0.0030  0.0030  0.9910  1
 802:   0.0322  0.0211  0.0292  0.9175  1
 803:   0.0048  0.0058  0.0050  0.9844  1
 804:   0.0976  0.0349  0.0040  0.8635  1
 805:   0.0427  0.1001  0.0292  0.8280  1
 806:   0.0096  0.7037  0.0120  0.2747  1
 807:   0.0353  0.0214  0.0173  0.9260  1
 808:   0.0096  0.0211  0.0100  0.9593  1
 809:   0.0308  0.0091  0.0030  0.9571  1
 810:   0.0657  0.0040  0.0060  0.9243  1
 811:   0.0050  0.0290  0.0591  0.9069  1
 812:   0.0110  0.0070  0.0059  0.9761  1
 813:   0.0102  0.0266  0.0040  0.9592  1
 814:   0.0139  0.0105  0.0021  0.9735  1
 815:   0.0511  0.0080  0.0097  0.9312  1
 816:   0.0082  0.0109  0.0040  0.9769  1
 817:   0.0495  0.0130  0.0304  0.9071  1
 818:   0.0162  0.0060  0.0221  0.9557  1
 819:   0.0529  0.0334  0.0040  0.9097  1
 820:   0.0031  0.0188  0.0040  0.9741  1
 821:   0.0162  0.0130  0.0101  0.9607  1
 822:   0.0330  0.0100  0.0060  0.9510  1
 823:   0.0070  0.0440  0.0150  0.9340  1
 824:   0.0265  0.0089  0.0192  0.9454  1
 825:   0.0130  0.0095  0.0108  0.9667  1
 826:   0.0090  0.0090  0.0030  0.9790  1
 827:   0.0098  0.0509  0.0030  0.9363  1
 828:   0.0091  0.0106  0.0040  0.9763  1
 829:   0.0346  0.0263  0.0040  0.9351  1
 830:   0.0110  0.1365  0.0246  0.8280  1
 831:   0.0050  0.0103  0.0030  0.9817  1
 832:   0.0082  0.0050  0.0043  0.9825  1
 833:   0.0060  0.0064  0.0030  0.9846  1
 834:   0.0259  0.0069  0.0030  0.9642  1
 835:   0.1138  0.0221  0.0166  0.8476  1
 836:   0.0470  0.0261  0.0090  0.9179  1
 837:   0.0070  0.0090  0.0034  0.9806  1
 838:   0.0070  0.0122  0.0040  0.9768  1
 839:   0.0060  0.0174  0.0140  0.9626  1
 840:   0.0030  0.0047  0.0030  0.9893  1
 841:   0.0409  0.0877  0.0171  0.8543  1
 842:   0.0110  0.0112  0.0030  0.9748  1
 843:   0.0090  0.0188  0.0030  0.9692  1
 844:   0.0109  0.0090  0.0030  0.9771  1
 845:   0.0030  0.0041  0.0090  0.9839  1
 846:   0.0152  0.0248  0.0100  0.9500  1
 847:   0.0054  0.0237  0.0050  0.9659  1
 848:   0.0315  0.0103  0.0040  0.9542  1
 849:   0.0189  0.0936  0.0070  0.8805  1
 850:   0.0435  0.0101  0.0038  0.9426  1
 851:   0.0080  0.0561  0.0060  0.9299  1
 852:   0.0947  0.0235  0.0100  0.8718  1
 853:   0.0080  0.0071  0.0040  0.9809  1
 854:   0.0100  0.0058  0.0045  0.9797  1
 855:   0.0678  0.0152  0.0472  0.8697  1
 856:   0.0087  0.0074  0.0163  0.9676  1
 857:   0.0214  0.0210  0.1357  0.8219  1
 858:   0.0073  0.0070  0.0030  0.9827  1
 859:   0.0030  0.0091  0.0030  0.9849  1
 860:   0.0092  0.0060  0.0080  0.9768  1
 861:   0.0195  0.0127  0.0264  0.9414  1
 862:   0.0613  0.0128  0.0298  0.8961  1
 863:   0.0389  0.0090  0.0030  0.9491  1
 864:   0.0132  0.0080  0.0070  0.9718  1
 865:   0.0130  0.0254  0.0058  0.9558  1
 866:   0.1213  0.0070  0.0041  0.8676  1
 867:   0.0360  0.0130  0.0040  0.9470  1
 868:   0.0088  0.0100  0.0030  0.9782  1
 869:   0.0070  0.0099  0.0111  0.9720  1
 870:   0.0081  0.0050  0.0020  0.9849  1
 871:   0.0151  0.0050  0.0040  0.9759  1
 872:   0.0070  0.0100  0.0080  0.9750  1
 873:   0.0094  0.0050  0.0030  0.9826  1
 874:   0.0241  0.0140  0.0238  0.9381  1
 875:   0.0050  0.0140  0.0040  0.9770  1
 876:   0.0048  0.0060  0.0040  0.9852  1
 877:   0.0040  0.0060  0.0040  0.9860  1
 878:   0.0157  0.0189  0.0050  0.9604  1
 879:   0.0252  0.2449  0.2189  0.5109  1
 880:   0.0114  0.0484  0.0043  0.9359  1
 881:   0.0088  0.0548  0.0040  0.9324  1
 882:   0.0106  0.0260  0.0220  0.9414  1
 883:   0.0060  0.8680  0.0040  0.1220  1
 884:   0.0125  0.0073  0.0064  0.9738  1
 885:   0.0059  0.0217  0.0031  0.9693  1
 886:   0.0170  0.0100  0.0050  0.9680  1
 887:   0.0704  0.1176  0.0229  0.7891  1
 888:   0.0200  0.0073  0.0060  0.9667  1
 889:   0.0080  0.2916  0.0176  0.6828  1
 890:   0.0115  0.0676  0.0503  0.8705  1
 891:   0.0070  0.0142  0.0040  0.9748  1
 892:   0.0030  0.0169  0.0040  0.9761  1
 893:   0.0060  0.0070  0.0030  0.9840  1
 894:   0.0125  0.0085  0.0030  0.9760  1
 895:   0.0205  0.0737  0.0040  0.9018  1
 896:   0.0352  0.0177  0.0080  0.9391  1
 897:   0.0080  0.0079  0.0060  0.9781  1
 898:   0.0172  0.0419  0.0138  0.9271  1
 899:   0.0041  0.0080  0.0040  0.9839  1
 900:   0.0082  0.0138  0.0040  0.9740  1
 901:   0.0141  0.0080  0.0030  0.9749  1
 902:   0.0885  0.0120  0.0104  0.8891  1
 903:   0.0131  0.0059  0.0080  0.9730  1
 904:   0.0161  0.0113  0.0155  0.9571  1
 905:   0.0120  0.0071  0.0050  0.9759  1
 906:   0.0202  0.0109  0.0143  0.9546  1
 907:   0.0085  0.0090  0.0040  0.9785  1
 908:   0.0139  0.0080  0.0379  0.9402  1
 909:   0.0139  0.0120  0.0040  0.9701  1
 910:   0.0080  0.0060  0.0040  0.9820  1
 911:   0.0090  0.3492  0.0050  0.6367  1
 912:   0.0282  0.0150  0.0346  0.9222  1
 913:   0.0110  0.0302  0.0040  0.9548  1
 914:   0.0354  0.0756  0.0050  0.8840  1
 915:   0.0081  0.0482  0.0070  0.9367  1
 916:   0.0641  0.0270  0.0059  0.9030  1
 917:   0.0413  0.0549  0.0334  0.8704  1
 918:   0.2881  0.0140  0.0060  0.6919  1
 919:   0.0092  0.0094  0.0030  0.9784  1
 920:   0.1963  0.0128  0.0030  0.7879  1
 921:   0.0700  0.0224  0.0280  0.8796  1
 922:   0.0788  0.0227  0.0050  0.8935  1
 923:   0.0099  0.0142  0.0040  0.9719  1
 924:   0.0080  0.0198  0.0030  0.9692  1
 925:   0.0240  0.0447  0.0030  0.9283  1
 926:   0.0147  0.0229  0.0040  0.9584  1
 927:   0.0120  0.0230  0.0050  0.9600  1
 928:   0.0445  0.1499  0.0070  0.7986  1
 929:   0.0660  0.0579  0.0278  0.8483  1
 930:   0.0191  0.0423  0.0368  0.9018  1
 931:   0.0488  0.0231  0.0220  0.9061  1
 932:   0.0382  0.0070  0.0100  0.9448  1
 933:   0.0167  0.0282  0.0067  0.9484  1
 934:   0.0060  0.0154  0.0058  0.9728  1
 935:   0.0495  0.0130  0.0051  0.9324  1
 936:   0.0607  0.0199  0.0150  0.9044  1
 937:   0.0184  0.0104  0.0265  0.9447  1
 938:   0.0146  0.0524  0.0146  0.9184  1
 939:   0.0069  0.0101  0.0030  0.9800  1
 940:   0.0060  0.0090  0.0070  0.9780  1
 941:   0.0060  0.0534  0.0149  0.9257  1
 942:   0.0040  0.0144  0.0070  0.9746  1
 943:   0.0220  0.0110  0.0110  0.9560  1
 944:   0.0040  0.0100  0.0120  0.9740  1
 945:   0.0132  0.0100  0.0427  0.9341  1
 946:   0.0100  0.0087  0.0090  0.9723  1
 947:   0.0597  0.0254  0.0076  0.9073  1
 948:   0.0905  0.0074  0.0030  0.8991  1
 949:   0.0406  0.0373  0.0040  0.9181  1
 950:   0.0258  0.0131  0.0030  0.9581  1
 951:   0.0087  0.0147  0.0113  0.9653  1
 952:   0.0241  0.0190  0.0050  0.9519  1
