   1:   0.0099  0.9751  0.0030  0.0070  0.0050  1
   2:   0.0197  0.9298  0.0190  0.0225  0.0090  1
   3:   0.0110  0.9640  0.0060  0.0110  0.0080  1
   4:   0.0197  0.8872  0.0384  0.0226  0.0321  1
   5:   0.0064  0.9723  0.0030  0.0063  0.0120  1
   6:   0.0113  0.9543  0.0050  0.0138  0.0156  1
   7:   0.0139  0.8963  0.0170  0.0090  0.0639  1
   8:   0.0073  0.9800  0.0031  0.0050  0.0046  1
   9:   0.0488  0.8787  0.0435  0.0221  0.0069  1
  10:   0.0140  0.9558  0.0062  0.0120  0.0120  1
  11:   0.0085  0.9672  0.0108  0.0055  0.0080  1
  12:   0.0146  0.9030  0.0351  0.0432  0.0041  1
  13:   0.0403  0.8717  0.0080  0.0454  0.0346  1
  14:   0.0090  0.9672  0.0118  0.0070  0.0050  1
  15:   0.3252  0.4213  0.0070  0.0353  0.2113  1
  16:   0.0531  0.8284  0.0040  0.1086  0.0060  1
  17:   0.0230  0.8411  0.0910  0.0260  0.0189  1
  18:   0.0030  0.9830  0.0040  0.0040  0.0060  1
  19:   0.0050  0.9732  0.0090  0.0060  0.0068  1
  20:   0.0698  0.7373  0.0050  0.1701  0.0179  1
  21:   0.0215  0.9450  0.0065  0.0182  0.0088  1
  22:   0.1425  0.8127  0.0050  0.0289  0.0109  1
  23:   0.0080  0.9558  0.0222  0.0070  0.0070  1
  24:   0.0070  0.9780  0.0040  0.0070  0.0040  1
  25:   0.0095  0.9643  0.0030  0.0202  0.0030  1
  26:   0.7308  0.0472  0.0031  0.1899  0.0290  1
  27:   0.0040  0.8621  0.1228  0.0040  0.0071  1
  28:   0.5012  0.0060  0.0040  0.0947  0.3942  1
  29:   0.0494  0.7494  0.0855  0.1098  0.0060  1
  30:   0.1477  0.7670  0.0070  0.0723  0.0060  1
  31:   0.0782  0.2264  0.0132  0.6428  0.0395  1
  32:   0.0086  0.9674  0.0100  0.0080  0.0060  1
  33:   0.0050  0.9693  0.0110  0.0080  0.0067  1
  34:   0.0137  0.8964  0.0245  0.0104  0.0550  1
  35:   0.0405  0.5187  0.0775  0.3495  0.0138  1
  36:   0.0327  0.9403  0.0050  0.0160  0.0060  1
  37:   0.0230  0.7593  0.0060  0.0495  0.1622  1
  38:   0.0040  0.9821  0.0050  0.0049  0.0040  1
  39:   0.1582  0.1601  0.0085  0.6652  0.0080  1
  40:   0.4041  0.0625  0.0061  0.5203  0.0070  1
  41:   0.0074  0.9396  0.0039  0.0067  0.0424  1
  42:   0.0462  0.8871  0.0090  0.0279  0.0298  1
  43:   0.0503  0.9244  0.0020  0.0173  0.0060  1
  44:   0.0070  0.9648  0.0090  0.0060  0.0132  1
  45:   0.0066  0.9603  0.0171  0.0060  0.0100  1
  46:   0.0099  0.9570  0.0069  0.0192  0.0070  1
  47:   0.1093  0.8090  0.0147  0.0560  0.0110  1
  48:   0.0356  0.9110  0.0049  0.0385  0.0100  1
  49:   0.0121  0.9624  0.0070  0.0105  0.0080  1
  50:   0.1639  0.0133  0.0359  0.7369  0.0500  1
  51:   0.4770  0.1551  0.0209  0.3316  0.0154  1
  52:   0.0519  0.6242  0.0112  0.3037  0.0090  1
  53:   0.0358  0.9246  0.0030  0.0205  0.0161  1
  54:   0.0104  0.9646  0.0068  0.0060  0.0122  1
  55:   0.0040  0.9628  0.0202  0.0040  0.0090  1
  56:   0.0076  0.9689  0.0040  0.0064  0.0131  1
  57:   0.0030  0.9749  0.0110  0.0030  0.0081  1
  58:   0.0132  0.9566  0.0030  0.0222  0.0050  1
  59:   0.0078  0.9592  0.0101  0.0090  0.0139  1
  60:   0.0774  0.8510  0.0107  0.0301  0.0308  1
  61:   0.0424  0.9072  0.0120  0.0171  0.0214  1
  62:   0.0074  0.9791  0.0035  0.0070  0.0030  1
  63:   0.0340  0.9059  0.0040  0.0320  0.0241  1
  64:   0.1607  0.7497  0.0070  0.0715  0.0111  1
  65:   0.1610  0.4262  0.0743  0.3216  0.0169  1
  66:   0.6402  0.1318  0.0070  0.1408  0.0803  1
  67:   0.0236  0.9439  0.0100  0.0141  0.0084  1
  68:   0.0152  0.9606  0.0050  0.0099  0.0093  1
  69:   0.2645  0.4379  0.0279  0.2387  0.0310  1
  70:   0.0050  0.9791  0.0079  0.0050  0.0030  1
  71:   0.0080  0.9618  0.0109  0.0128  0.0065  1
  72:   0.0040  0.9879  0.0020  0.0040  0.0021  1
  73:   0.2020  0.7070  0.0071  0.0789  0.0050  1
  74:   0.0168  0.9551  0.0030  0.0100  0.0151  1
  75:   0.0040  0.9797  0.0043  0.0050  0.0070  1
  76:   0.1101  0.7436  0.0146  0.1237  0.0080  1
  77:   0.0209  0.9180  0.0126  0.0415  0.0070  1
  78:   0.0100  0.9143  0.0331  0.0242  0.0184  1
  79:   0.0040  0.9588  0.0119  0.0060  0.0193  1
  80:   0.0138  0.9629  0.0068  0.0090  0.0075  1
  81:   0.0430  0.6139  0.0068  0.1862  0.1501  1
  82:   0.0034  0.9875  0.0020  0.0030  0.0041  1
  83:   0.0071  0.9707  0.0084  0.0079  0.0059  1
  84:   0.0626  0.8507  0.0060  0.0699  0.0108  1
  85:   0.0030  0.9868  0.0032  0.0040  0.0030  1
  86:   0.2842  0.3244  0.0070  0.3581  0.0263  1
  87:   0.0259  0.8928  0.0270  0.0170  0.0373  1
  88:   0.0095  0.9652  0.0123  0.0060  0.0070  1
  89:   0.0070  0.9762  0.0030  0.0060  0.0078  1
  90:   0.0243  0.9174  0.0050  0.0463  0.0070  1
  91:   0.5123  0.2907  0.0030  0.1834  0.0105  1
  92:   0.6173  0.1886  0.0110  0.1309  0.0522  1
  93:   0.0050  0.9804  0.0066  0.0050  0.0030  1
  94:   0.0070  0.9594  0.0180  0.0070  0.0086  1
  95:   0.0823  0.7374  0.0030  0.1113  0.0660  1
  96:   0.2717  0.1636  0.0030  0.5318  0.0299  1
  97:   0.0120  0.8760  0.0692  0.0202  0.0226  1
  98:   0.0429  0.8996  0.0120  0.0335  0.0120  1
  99:   0.0070  0.9663  0.0089  0.0070  0.0108  1
 100:   0.0118  0.9468  0.0060  0.0162  0.0192  1
 101:   0.0144  0.9462  0.0136  0.0140  0.0118  1
 102:   0.0196  0.9264  0.0130  0.0291  0.0119  1
 103:   0.1153  0.6530  0.0040  0.2096  0.0181  1
 104:   0.0060  0.9714  0.0050  0.0050  0.0126  1
 105:   0.0070  0.9592  0.0120  0.0058  0.0160  1
 106:   0.0043  0.9767  0.0050  0.0050  0.0090  1
 107:   0.0730  0.8801  0.0070  0.0329  0.0070  1
 108:   0.2368  0.3137  0.0090  0.3610  0.0795  1
 109:   0.0105  0.9707  0.0070  0.0088  0.0030  1
 110:   0.5136  0.0558  0.2290  0.1795  0.0222  1
 111:   0.0071  0.9602  0.0050  0.0069  0.0208  1
 112:   0.0050  0.9861  0.0025  0.0034  0.0030  1
 113:   0.0417  0.2190  0.0310  0.0247  0.6837  1
 114:   0.0151  0.9501  0.0080  0.0188  0.0080  1
 115:   0.0060  0.9677  0.0063  0.0060  0.0140  1
 116:   0.0200  0.9505  0.0071  0.0167  0.0057  1
 117:   0.0815  0.6719  0.0079  0.2297  0.0090  1
 118:   0.0098  0.9713  0.0030  0.0129  0.0030  1
 119:   0.0131  0.9494  0.0081  0.0125  0.0169  1
 120:   0.1294  0.8144  0.0031  0.0353  0.0177  1
 121:   0.2864  0.2513  0.0040  0.0825  0.3758  1
 122:   0.0311  0.8914  0.0100  0.0377  0.0298  1
 123:   0.2124  0.2774  0.0050  0.4904  0.0149  1
 124:   0.0050  0.9343  0.0050  0.0050  0.0507  1
 125:   0.0119  0.9713  0.0030  0.0098  0.0040  1
 126:   0.0229  0.8664  0.0575  0.0129  0.0403  1
 127:   0.1206  0.7932  0.0322  0.0416  0.0123  1
 128:   0.1675  0.0886  0.0140  0.7150  0.0150  1
 129:   0.0870  0.8156  0.0043  0.0386  0.0545  1
 130:   0.0120  0.9656  0.0030  0.0088  0.0106  1
 131:   0.0077  0.9577  0.0192  0.0105  0.0049  1
 132:   0.0720  0.8168  0.0531  0.0447  0.0134  1
 133:   0.0050  0.9810  0.0050  0.0040  0.0050  1
 134:   0.0039  0.9817  0.0074  0.0040  0.0030  1
 135:   0.0134  0.9320  0.0132  0.0334  0.0080  1
 136:   0.0410  0.8857  0.0084  0.0559  0.0090  1
 137:   0.0272  0.9070  0.0056  0.0303  0.0299  1
 138:   0.0122  0.9659  0.0060  0.0119  0.0040  1
 139:   0.3329  0.4780  0.0475  0.1285  0.0131  1
 140:   0.0100  0.9523  0.0122  0.0146  0.0109  1
 141:   0.0040  0.7727  0.0624  0.0049  0.1561  1
 142:   0.0324  0.7447  0.0396  0.1559  0.0273  1
 143:   0.0059  0.9791  0.0060  0.0050  0.0040  1
 144:   0.1539  0.0240  0.0050  0.2962  0.5209  1
 145:   0.0529  0.8313  0.0060  0.0320  0.0778  1
 146:   0.0083  0.9674  0.0091  0.0062  0.0090  1
 147:   0.0297  0.9326  0.0072  0.0235  0.0070  1
 148:   0.5812  0.0292  0.0147  0.3458  0.0291  1
 149:   0.0199  0.9227  0.0110  0.0202  0.0262  1
 150:   0.5789  0.0502  0.0060  0.3417  0.0232  1
 151:   0.0073  0.9671  0.0116  0.0080  0.0060  1
 152:   0.1316  0.8323  0.0070  0.0225  0.0066  1
 153:   0.0169  0.8294  0.0080  0.0127  0.1330  1
 154:   0.0070  0.9740  0.0090  0.0070  0.0030  1
 155:   0.0140  0.9586  0.0115  0.0107  0.0052  1
 156:   0.0100  0.9687  0.0072  0.0081  0.0060  1
 157:   0.0132  0.9033  0.0090  0.0171  0.0574  1
 158:   0.4053  0.2224  0.0222  0.2247  0.1254  1
 159:   0.0202  0.8770  0.0179  0.0150  0.0699  1
 160:   0.0172  0.9253  0.0120  0.0315  0.0140  1
 161:   0.0060  0.9450  0.0373  0.0057  0.0060  1
 162:   0.0507  0.7340  0.0089  0.0418  0.1646  1
 163:   0.0082  0.9602  0.0143  0.0113  0.0060  1
 164:   0.0402  0.6585  0.0119  0.2719  0.0175  1
 165:   0.0070  0.9795  0.0033  0.0051  0.0051  1
 166:   0.0218  0.9378  0.0150  0.0184  0.0070  1
 167:   0.0054  0.9732  0.0089  0.0087  0.0038  1
 168:   0.0382  0.8659  0.0070  0.0805  0.0084  1
 169:   0.0109  0.9700  0.0050  0.0061  0.0080  1
 170:   0.1167  0.0476  0.0206  0.7946  0.0205  1
 171:   0.0594  0.8961  0.0072  0.0220  0.0153  1
 172:   0.1606  0.5771  0.0251  0.2130  0.0242  1
 173:   0.0113  0.9561  0.0087  0.0120  0.0119  1
 174:   0.0160  0.9541  0.0058  0.0181  0.0060  1
 175:   0.0050  0.9830  0.0040  0.0050  0.0030  1
 176:   0.0616  0.7710  0.1202  0.0268  0.0204  1
 177:   0.0050  0.9763  0.0077  0.0060  0.0050  1
 178:   0.0116  0.9554  0.0111  0.0130  0.0089  1
 179:   0.0040  0.6607  0.3262  0.0041  0.0050  1
 180:   0.0050  0.9809  0.0033  0.0070  0.0038  1
 181:   0.0102  0.0109  0.0039  0.9631  0.0119  1
 182:   0.0263  0.8166  0.0020  0.1501  0.0050  1
 183:   0.0132  0.9698  0.0030  0.0090  0.0050  1
 184:   0.2089  0.3260  0.0056  0.3689  0.0906  1
 185:   0.0097  0.9578  0.0060  0.0090  0.0175  1
 186:   0.0221  0.7828  0.0060  0.1716  0.0175  1
 187:   0.1018  0.7604  0.0090  0.1031  0.0257  1
 188:   0.0040  0.9851  0.0040  0.0039  0.0030  1
 189:   0.0205  0.9371  0.0026  0.0145  0.0253  1
 190:   0.0431  0.8234  0.0030  0.1084  0.0221  1
 191:   0.0413  0.8757  0.0080  0.0629  0.0121  1
 192:   0.0080  0.9670  0.0040  0.0132  0.0078  1
 193:   0.0259  0.9039  0.0136  0.0191  0.0375  1
 194:   0.1473  0.6175  0.0311  0.0982  0.1059  1
 195:   0.1000  0.8199  0.0106  0.0602  0.0093  1
 196:   0.0040  0.9730  0.0149  0.0040  0.0041  1
 197:   0.0060  0.9748  0.0042  0.0070  0.0080  1
 198:   0.7368  0.0229  0.0072  0.2261  0.0070  1
 199:   0.0984  0.0252  0.0334  0.8277  0.0153  1
 200:   0.4360  0.0241  0.0059  0.0884  0.4456  1
 201:   0.1502  0.0111  0.0043  0.6293  0.2051  1
 202:   0.1169  0.1808  0.0119  0.6794  0.0110  1
 203:   0.8306  0.0155  0.0040  0.1325  0.0174  1
 204:   0.0419  0.0199  0.0100  0.9182  0.0100  1
 205:   0.5854  0.0110  0.0095  0.3729  0.0212  1
 206:   0.5604  0.0122  0.0040  0.4147  0.0087  1
 207:   0.9267  0.0168  0.0070  0.0327  0.0168  1
 208:   0.2079  0.0060  0.0050  0.7741  0.0070  1
 209:   0.2455  0.0463  0.0040  0.7001  0.0040  1
 210:   0.6580  0.0268  0.0074  0.3008  0.0070  1
 211:   0.6486  0.0159  0.0355  0.2697  0.0303  1
 212:   0.2126  0.0140  0.0040  0.7550  0.0144  1
 213:   0.0571  0.0176  0.0060  0.9130  0.0063  1
 214:   0.6259  0.0380  0.1163  0.0503  0.1695  1
 215:   0.1497  0.0080  0.0040  0.8335  0.0048  1
 216:   0.8473  0.0858  0.0050  0.0549  0.0070  1
 217:   0.7669  0.0059  0.0089  0.1496  0.0687  1
 218:   0.7238  0.0119  0.0050  0.1170  0.1424  1
 219:   0.8750  0.0071  0.0390  0.0688  0.0101  1
 220:   0.4164  0.0179  0.0020  0.5547  0.0090  1
 221:   0.6567  0.0271  0.0272  0.2799  0.0091  1
 222:   0.8373  0.0642  0.0186  0.0512  0.0287  1
 223:   0.2862  0.0853  0.0114  0.5008  0.1163  1
 224:   0.3348  0.0161  0.0030  0.6411  0.0050  1
 225:   0.7654  0.0145  0.0060  0.1967  0.0174  1
 226:   0.0471  0.0100  0.0048  0.9193  0.0188  1
 227:   0.5032  0.0190  0.0138  0.4455  0.0185  1
 228:   0.8841  0.0100  0.0219  0.0770  0.0070  1
 229:   0.7011  0.0050  0.0029  0.2860  0.0050  1
 230:   0.2729  0.0460  0.0768  0.5187  0.0856  1
 231:   0.1652  0.0060  0.0080  0.8075  0.0133  1
 232:   0.9039  0.0102  0.0040  0.0759  0.0060  1
 233:   0.4703  0.1217  0.0050  0.3919  0.0110  1
 234:   0.0782  0.0305  0.0070  0.8418  0.0426  1
 235:   0.5294  0.0138  0.0344  0.4074  0.0150  1
 236:   0.2862  0.0151  0.0238  0.4517  0.2233  1
 237:   0.9292  0.0112  0.0050  0.0456  0.0090  1
 238:   0.8567  0.0344  0.0090  0.0815  0.0184  1
 239:   0.8369  0.0113  0.0037  0.1449  0.0032  1
 240:   0.6140  0.0080  0.0889  0.2288  0.0603  1
 241:   0.0313  0.0146  0.0176  0.9265  0.0100  1
 242:   0.2929  0.0257  0.0050  0.6670  0.0094  1
 243:   0.4339  0.0156  0.0050  0.5158  0.0297  1
 244:   0.5680  0.0191  0.0050  0.3660  0.0419  1
 245:   0.2432  0.0198  0.0125  0.4667  0.2578  1
 246:   0.4315  0.0219  0.0060  0.5255  0.0151  1
 247:   0.1329  0.0148  0.0077  0.8366  0.0080  1
 248:   0.0913  0.0090  0.0030  0.8735  0.0232  1
 249:   0.9290  0.0092  0.0050  0.0495  0.0073  1
 250:   0.1168  0.0090  0.0060  0.8521  0.0161  1
 251:   0.2427  0.0218  0.0561  0.6565  0.0230  1
 252:   0.5362  0.0080  0.0030  0.4301  0.0226  1
 253:   0.3691  0.0127  0.0242  0.4899  0.1041  1
 254:   0.7482  0.0463  0.0030  0.1696  0.0329  1
 255:   0.3487  0.1688  0.0030  0.4754  0.0040  1
 256:   0.2134  0.0071  0.0040  0.7705  0.0050  1
 257:   0.8596  0.0226  0.0090  0.1008  0.0080  1
 258:   0.0091  0.0139  0.0035  0.9675  0.0060  1
 259:   0.2500  0.0155  0.0255  0.6990  0.0100  1
 260:   0.4425  0.0299  0.0100  0.4752  0.0425  1
 261:   0.6650  0.0273  0.0070  0.2535  0.0472  1
 262:   0.7530  0.0534  0.0050  0.1836  0.0050  1
 263:   0.8445  0.0176  0.0030  0.1127  0.0222  1
 264:   0.8037  0.0154  0.0030  0.1708  0.0071  1
 265:   0.9357  0.0102  0.0070  0.0401  0.0070  1
 266:   0.5353  0.0070  0.0030  0.4467  0.0080  1
 267:   0.8399  0.0117  0.0060  0.0989  0.0435  1
 268:   0.1783  0.0102  0.0030  0.7993  0.0092  1
 269:   0.8685  0.0119  0.0470  0.0598  0.0128  1
 270:   0.7503  0.0860  0.0030  0.1408  0.0200  1
 271:   0.6852  0.0133  0.0060  0.2835  0.0120  1
 272:   0.8226  0.0241  0.0171  0.0923  0.0439  1
 273:   0.3622  0.0092  0.0224  0.5895  0.0167  1
 274:   0.8710  0.0297  0.0090  0.0746  0.0157  1
 275:   0.5090  0.0152  0.0067  0.4582  0.0109  1
 276:   0.7026  0.0089  0.0051  0.2774  0.0060  1
 277:   0.5781  0.0052  0.0030  0.4037  0.0100  1
 278:   0.8970  0.0070  0.0393  0.0478  0.0089  1
 279:   0.7670  0.0860  0.0056  0.1148  0.0267  1
 280:   0.0640  0.0070  0.0079  0.9121  0.0090  1
 281:   0.1795  0.0152  0.0166  0.7758  0.0129  1
 282:   0.0351  0.0198  0.0030  0.9331  0.0090  1
 283:   0.6148  0.0070  0.0150  0.3572  0.0060  1
 284:   0.1870  0.0181  0.0031  0.7848  0.0070  1
 285:   0.0312  0.0281  0.0122  0.8787  0.0498  1
 286:   0.2992  0.0089  0.0060  0.6691  0.0168  1
 287:   0.2894  0.0080  0.0191  0.6729  0.0106  1
 288:   0.2571  0.0149  0.0040  0.7129  0.0111  1
 289:   0.1043  0.0183  0.0040  0.8590  0.0144  1
 290:   0.2345  0.3030  0.0070  0.4135  0.0420  1
 291:   0.1178  0.0038  0.0050  0.8483  0.0251  1
 292:   0.7517  0.0585  0.0060  0.1773  0.0065  1
 293:   0.9499  0.0090  0.0030  0.0321  0.0060  1
 294:   0.0656  0.0128  0.0684  0.8472  0.0060  1
 295:   0.7486  0.0100  0.0321  0.1863  0.0231  1
 296:   0.8827  0.0203  0.0020  0.0820  0.0130  1
 297:   0.0646  0.0400  0.0301  0.8342  0.0311  1
 298:   0.6652  0.0518  0.0034  0.2706  0.0090  1
 299:   0.8727  0.0050  0.0041  0.1108  0.0074  1
 300:   0.0666  0.0120  0.0050  0.9003  0.0161  1
 301:   0.2338  0.1624  0.0140  0.4949  0.0950  1
 302:   0.5747  0.0100  0.0052  0.3548  0.0553  1
 303:   0.5733  0.0055  0.0250  0.3882  0.0080  1
 304:   0.4668  0.0182  0.0090  0.4886  0.0174  1
 305:   0.7420  0.0179  0.0050  0.2197  0.0154  1
 306:   0.0153  0.0132  0.0050  0.9615  0.0050  1
 307:   0.1735  0.1073  0.0194  0.6641  0.0357  1
 308:   0.5528  0.0040  0.0039  0.4304  0.0089  1
 309:   0.8967  0.0168  0.0030  0.0716  0.0119  1
 310:   0.5251  0.0100  0.0120  0.4439  0.0090  1
 311:   0.0609  0.0371  0.0060  0.8774  0.0186  1
 312:   0.8514  0.0285  0.0080  0.0902  0.0219  1
 313:   0.4855  0.0557  0.0030  0.4433  0.0124  1
 314:   0.8615  0.0081  0.0030  0.1178  0.0096  1
 315:   0.2876  0.0147  0.0141  0.6616  0.0220  1
 316:   0.6866  0.0194  0.0050  0.2773  0.0117  1
 317:   0.9149  0.0057  0.0050  0.0643  0.0101  1
 318:   0.2078  0.0502  0.0070  0.7280  0.0070  1
 319:   0.3947  0.0281  0.0057  0.5655  0.0060  1
 320:   0.7120  0.0191  0.0462  0.2062  0.0166  1
 321:   0.6780  0.0212  0.0130  0.2681  0.0197  1
 322:   0.7112  0.0722  0.0040  0.2066  0.0060  1
 323:   0.0749  0.0110  0.0040  0.8948  0.0153  1
 324:   0.0155  0.0080  0.0050  0.9618  0.0097  1
 325:   0.3069  0.0192  0.0182  0.6406  0.0151  1
 326:   0.0389  0.0040  0.0020  0.9476  0.0075  1
 327:   0.9358  0.0083  0.0111  0.0377  0.0071  1
 328:   0.7632  0.0123  0.0070  0.0778  0.1397  1
 329:   0.5674  0.0080  0.0070  0.4041  0.0135  1
 330:   0.5406  0.0112  0.0060  0.3926  0.0496  1
 331:   0.3699  0.0051  0.0040  0.6133  0.0077  1
 332:   0.6433  0.1478  0.0112  0.1746  0.0231  1
 333:   0.7781  0.0315  0.0030  0.1824  0.0050  1
 334:   0.2139  0.0952  0.0355  0.6053  0.0501  1
 335:   0.1139  0.0118  0.0729  0.7858  0.0157  1
 336:   0.9590  0.0060  0.0020  0.0280  0.0050  1
 337:   0.3210  0.0062  0.0042  0.6597  0.0089  1
 338:   0.0468  0.0154  0.0071  0.9237  0.0070  1
 339:   0.4663  0.0629  0.0030  0.4472  0.0205  1
 340:   0.9062  0.0188  0.0179  0.0531  0.0040  1
 341:   0.3596  0.0070  0.0040  0.6214  0.0080  1
 342:   0.0170  0.0238  0.0050  0.9462  0.0080  1
 343:   0.0365  0.0059  0.0030  0.9394  0.0152  1
 344:   0.9599  0.0058  0.0050  0.0233  0.0060  1
 345:   0.9663  0.0072  0.0030  0.0155  0.0080  1
 346:   0.8389  0.0120  0.0040  0.1313  0.0138  1
 347:   0.7779  0.0107  0.0080  0.1839  0.0195  1
 348:   0.9133  0.0155  0.0182  0.0390  0.0140  1
 349:   0.6330  0.0823  0.0051  0.2732  0.0064  1
 350:   0.9319  0.0108  0.0036  0.0497  0.0040  1
 351:   0.0650  0.0061  0.0052  0.9167  0.0070  1
 352:   0.4992  0.0384  0.0529  0.3101  0.0994  1
 353:   0.6764  0.0097  0.0060  0.2929  0.0150  1
 354:   0.8792  0.0098  0.0099  0.0920  0.0092  1
 355:   0.9177  0.0127  0.0126  0.0245  0.0325  1
 356:   0.3044  0.0173  0.0464  0.6259  0.0060  1
 357:   0.7729  0.0376  0.0040  0.1511  0.0344  1
 358:   0.9333  0.0110  0.0070  0.0437  0.0050  1
 359:   0.8046  0.0223  0.0697  0.0704  0.0330  1
 360:   0.6183  0.1276  0.0119  0.1529  0.0893  1
 361:   0.4454  0.0132  0.0090  0.5193  0.0131  1
 362:   0.2505  0.0080  0.0020  0.5864  0.1531  1
 363:   0.1931  0.0181  0.0198  0.6728  0.0962  1
 364:   0.2919  0.0071  0.0108  0.6657  0.0245  1
 365:   0.0159  0.0296  0.0143  0.9270  0.0132  1
 366:   0.8441  0.0141  0.0288  0.0958  0.0172  1
 367:   0.0147  0.0078  0.0100  0.9581  0.0094  1
 368:   0.9773  0.0044  0.0040  0.0103  0.0040  1
 369:   0.9415  0.0049  0.0030  0.0416  0.0090  1
 370:   0.0706  0.0070  0.0030  0.9154  0.0040  1
 371:   0.7135  0.0387  0.0050  0.2268  0.0160  1
 372:   0.0258  0.0050  0.0076  0.9555  0.0061  1
 373:   0.7445  0.0086  0.0060  0.2285  0.0124  1
 374:   0.5692  0.0175  0.0090  0.3910  0.0133  1
 375:   0.8870  0.0070  0.0056  0.0537  0.0468  1
 376:   0.1132  0.0058  0.0090  0.8650  0.0070  1
 377:   0.7082  0.0244  0.0080  0.2448  0.0146  1
 378:   0.3922  0.0163  0.0050  0.5663  0.0201  1
 379:   0.8273  0.0418  0.0142  0.0558  0.0608  1
 380:   0.1851  0.0120  0.0061  0.7789  0.0179  1
 381:   0.1300  0.0118  0.0040  0.6935  0.1606  1
 382:   0.6429  0.0474  0.0752  0.2305  0.0040  1
 383:   0.4486  0.0394  0.0050  0.5030  0.0040  1
 384:   0.5299  0.0269  0.0053  0.4266  0.0113  1
 385:   0.4732  0.0300  0.0050  0.4814  0.0104  1
 386:   0.0207  0.0081  0.0245  0.9417  0.0050  1
 387:   0.2231  0.0992  0.0438  0.6279  0.0060  1
 388:   0.3444  0.0403  0.0060  0.5819  0.0274  1
 389:   0.2043  0.0286  0.0268  0.7224  0.0180  1
 390:   0.7804  0.0122  0.0020  0.1858  0.0196  1
 391:   0.1166  0.0071  0.0040  0.8334  0.0389  1
 392:   0.0322  0.0110  0.0040  0.9448  0.0080  1
 393:   0.0712  0.0158  0.0030  0.8981  0.0119  1
 394:   0.7346  0.1007  0.0094  0.1315  0.0238  1
 395:   0.0203  0.0504  0.0355  0.8637  0.0301  1
 396:   0.0208  0.0147  0.0315  0.8354  0.0976  1
 397:   0.7624  0.0090  0.0060  0.2059  0.0167  1
 398:   0.5889  0.0098  0.0055  0.3898  0.0060  1
 399:   0.0487  0.0072  0.0020  0.9361  0.0060  1
 400:   0.6447  0.0070  0.0028  0.3242  0.0213  1
 401:   0.5829  0.0080  0.0170  0.3782  0.0139  1
 402:   0.8448  0.0386  0.0150  0.0274  0.0742  1
 403:   0.6642  0.0135  0.0040  0.3042  0.0141  1
 404:   0.4772  0.0040  0.0020  0.5087  0.0081  1
 405:   0.7001  0.0050  0.0020  0.2879  0.0050  1
 406:   0.7801  0.0110  0.0375  0.1347  0.0368  1
 407:   0.0567  0.0138  0.0073  0.9150  0.0071  1
 408:   0.8479  0.0100  0.0172  0.0900  0.0349  1
 409:   0.1457  0.0041  0.0081  0.7814  0.0607  1
 410:   0.2693  0.0040  0.0050  0.6988  0.0229  1
 411:   0.8943  0.0246  0.0040  0.0711  0.0060  1
 412:   0.3556  0.5202  0.0201  0.0804  0.0237  1
 413:   0.8886  0.0070  0.0070  0.0924  0.0050  1
 414:   0.7489  0.0207  0.0148  0.2106  0.0050  1
 415:   0.1026  0.0070  0.0130  0.8710  0.0064  1
 416:   0.0471  0.0060  0.0080  0.9229  0.0161  1
 417:   0.6410  0.0246  0.0100  0.3026  0.0218  1
 418:   0.7702  0.0050  0.0020  0.2176  0.0052  1
 419:   0.4121  0.0212  0.0070  0.5487  0.0110  1
 420:   0.1943  0.0145  0.0070  0.7762  0.0080  1
 421:   0.1620  0.0104  0.0062  0.8146  0.0068  1
 422:   0.0332  0.0070  0.0070  0.9478  0.0050  1
 423:   0.4916  0.0128  0.0040  0.4848  0.0068  1
 424:   0.5073  0.0140  0.0120  0.4597  0.0070  1
 425:   0.4454  0.0474  0.0059  0.4814  0.0199  1
 426:   0.1333  0.0504  0.0050  0.7672  0.0440  1
 427:   0.5860  0.1023  0.0079  0.2948  0.0090  1
 428:   0.7296  0.0061  0.0050  0.2334  0.0259  1
 429:   0.5268  0.2341  0.0119  0.1857  0.0414  1
 430:   0.0376  0.0426  0.0060  0.8869  0.0269  1
 431:   0.5951  0.0163  0.0050  0.2740  0.1096  1
 432:   0.5312  0.0179  0.0429  0.3812  0.0268  1
 433:   0.3552  0.0114  0.0070  0.6174  0.0090  1
 434:   0.1801  0.0089  0.0021  0.7975  0.0114  1
 435:   0.1695  0.0505  0.0080  0.7188  0.0532  1
 436:   0.5364  0.0143  0.0166  0.3672  0.0655  1
 437:   0.4342  0.0240  0.0030  0.5338  0.0050  1
 438:   0.3886  0.0263  0.0080  0.5582  0.0189  1
 439:   0.4494  0.0126  0.0050  0.5097  0.0233  1
 440:   0.3159  0.0092  0.0090  0.6384  0.0275  1
 441:   0.4935  0.0076  0.0112  0.4246  0.0630  1
 442:   0.3450  0.0050  0.0030  0.6400  0.0070  1
 443:   0.5109  0.3191  0.0515  0.0741  0.0444  1
 444:   0.3476  0.0217  0.0032  0.6171  0.0103  1
 445:   0.9428  0.0080  0.0040  0.0382  0.0070  1
 446:   0.5129  0.0070  0.0030  0.4457  0.0314  1
 447:   0.9592  0.0050  0.0070  0.0232  0.0056  1
 448:   0.7969  0.0060  0.0058  0.1498  0.0415  1
 449:   0.8786  0.0036  0.0100  0.0877  0.0201  1
 450:   0.6694  0.0203  0.0150  0.1679  0.1274  1
 451:   0.4419  0.0133  0.0060  0.4307  0.1081  1
 452:   0.2464  0.2337  0.0070  0.5060  0.0070  1
 453:   0.5646  0.0040  0.0040  0.3983  0.0290  1
 454:   0.4143  0.0060  0.0080  0.5637  0.0080  1
 455:   0.3585  0.0194  0.0030  0.6161  0.0030  1
 456:   0.0555  0.0062  0.0040  0.8574  0.0769  1
 457:   0.7412  0.0148  0.0040  0.2171  0.0229  1
 458:   0.7044  0.0060  0.0060  0.2666  0.0170  1
 459:   0.7593  0.0151  0.0050  0.2095  0.0110  1
 460:   0.2549  0.0050  0.0090  0.7122  0.0189  1
 461:   0.1046  0.0060  0.0130  0.8643  0.0121  1
 462:   0.2156  0.0392  0.0094  0.7308  0.0050  1
 463:   0.8528  0.0090  0.0158  0.0789  0.0435  1
 464:   0.4467  0.0779  0.0230  0.4465  0.0059  1
 465:   0.1574  0.0052  0.0091  0.8185  0.0098  1
 466:   0.7232  0.0562  0.0410  0.1728  0.0068  1
 467:   0.3951  0.0070  0.0157  0.5750  0.0072  1
 468:   0.0986  0.8352  0.0040  0.0502  0.0120  1
 469:   0.4022  0.0140  0.0030  0.5758  0.0050  1
 470:   0.2036  0.0610  0.0085  0.6805  0.0465  1
 471:   0.7956  0.0070  0.0045  0.0857  0.1072  1
 472:   0.8634  0.0080  0.0030  0.1176  0.0080  1
 473:   0.5622  0.2337  0.0050  0.1314  0.0676  1
 474:   0.2650  0.0129  0.0040  0.7031  0.0150  1
 475:   0.3600  0.0264  0.0030  0.1518  0.4588  1
 476:   0.6916  0.1144  0.0050  0.1704  0.0187  1
 477:   0.1534  0.0050  0.0090  0.8231  0.0095  1
 478:   0.1510  0.0148  0.0098  0.8143  0.0101  1
 479:   0.6093  0.0252  0.0210  0.3269  0.0176  1
 480:   0.6508  0.0060  0.0110  0.3160  0.0162  1
 481:   0.2612  0.0131  0.0030  0.7088  0.0139  1
 482:   0.4232  0.3386  0.0044  0.2143  0.0195  1
 483:   0.2949  0.0070  0.0050  0.6098  0.0833  1
 484:   0.6320  0.0198  0.0070  0.3211  0.0201  1
 485:   0.5886  0.0100  0.0040  0.3924  0.0050  1
 486:   0.4432  0.0777  0.0161  0.4522  0.0108  1
 487:   0.3535  0.0240  0.0040  0.6126  0.0060  1
 488:   0.4229  0.0116  0.0050  0.5094  0.0511  1
 489:   0.3863  0.0273  0.0100  0.5636  0.0128  1
 490:   0.8141  0.0080  0.0040  0.1598  0.0141  1
 491:   0.6488  0.0070  0.0024  0.3378  0.0040  1
 492:   0.7941  0.0030  0.0091  0.1756  0.0182  1
 493:   0.9615  0.0050  0.0040  0.0245  0.0050  1
 494:   0.0664  0.0090  0.0030  0.9155  0.0061  1
 495:   0.9226  0.0090  0.0040  0.0531  0.0113  1
 496:   0.8919  0.0059  0.0080  0.0882  0.0060  1
 497:   0.0323  0.0235  0.0233  0.8337  0.0872  1
 498:   0.6840  0.0130  0.0030  0.2899  0.0101  1
 499:   0.8740  0.0217  0.0073  0.0880  0.0090  1
 500:   0.2067  0.0452  0.0040  0.7281  0.0161  1
 501:   0.0112  0.0080  0.0030  0.9728  0.0050  1
 502:   0.0547  0.0121  0.0050  0.9131  0.0151  1
 503:   0.2319  0.2075  0.0044  0.5485  0.0076  1
 504:   0.8253  0.0089  0.0050  0.1561  0.0047  1
 505:   0.1533  0.0041  0.0040  0.8255  0.0131  1
 506:   0.6366  0.0291  0.0110  0.2721  0.0512  1
 507:   0.0814  0.0086  0.0030  0.8930  0.0140  1
 508:   0.2521  0.0721  0.1911  0.3279  0.1569  1
 509:   0.0639  0.0071  0.0030  0.9173  0.0087  1
 510:   0.8326  0.0161  0.0070  0.1182  0.0261  1
 511:   0.1803  0.0127  0.0248  0.7269  0.0553  1
 512:   0.5623  0.0100  0.0130  0.4037  0.0110  1
 513:   0.3076  0.0120  0.0060  0.6636  0.0108  1
 514:   0.0283  0.0280  0.0196  0.9171  0.0070  1
 515:   0.8286  0.0112  0.0120  0.1312  0.0170  1
 516:   0.7836  0.0080  0.0106  0.1908  0.0070  1
 517:   0.3291  0.0140  0.0030  0.6419  0.0120  1
 518:   0.9207  0.0059  0.0041  0.0391  0.0302  1
 519:   0.7656  0.0030  0.0040  0.2234  0.0040  1
 520:   0.0396  0.0159  0.0288  0.8884  0.0273  1
 521:   0.8988  0.0105  0.0033  0.0794  0.0080  1
 522:   0.8134  0.0062  0.0099  0.1395  0.0310  1
 523:   0.3006  0.0186  0.0030  0.6698  0.0080  1
 524:   0.3992  0.0210  0.0040  0.5660  0.0098  1
 525:   0.8962  0.0127  0.0040  0.0811  0.0060  1
 526:   0.8266  0.0160  0.0030  0.1502  0.0042  1
 527:   0.7250  0.0060  0.0070  0.2431  0.0189  1
 528:   0.9529  0.0060  0.0092  0.0249  0.0070  1
 529:   0.4684  0.0171  0.0119  0.4770  0.0257  1
 530:   0.0581  0.0079  0.0400  0.8860  0.0080  1
 531:   0.1970  0.0099  0.0140  0.7600  0.0191  1
 532:   0.4968  0.0030  0.0030  0.4912  0.0060  1
 533:   0.5148  0.0080  0.0050  0.4490  0.0232  1
 534:   0.0435  0.0120  0.0292  0.8949  0.0204  1
 535:   0.6275  0.1564  0.0223  0.1807  0.0131  1
 536:   0.9534  0.0060  0.0092  0.0244  0.0070  1
 537:   0.0731  0.0052  0.0030  0.9127  0.0060  1
 538:   0.1884  0.0367  0.0020  0.7667  0.0061  1
 539:   0.6794  0.0076  0.0069  0.2981  0.0080  1
 540:   0.1123  0.0218  0.0050  0.8295  0.0313  1
 541:   0.0751  0.1816  0.0145  0.6866  0.0422  1
 542:   0.4412  0.0210  0.0203  0.4980  0.0194  1
 543:   0.2621  0.0707  0.0150  0.6442  0.0080  1
 544:   0.0545  0.0040  0.0027  0.9267  0.0121  1
 545:   0.9581  0.0060  0.0040  0.0261  0.0058  1
 546:   0.6215  0.0326  0.0050  0.3335  0.0074  1
 547:   0.8703  0.0081  0.0040  0.1021  0.0155  1
 548:   0.2743  0.1675  0.0032  0.5479  0.0071  1
 549:   0.5445  0.0265  0.0040  0.4180  0.0070  1
 550:   0.9265  0.0060  0.0040  0.0545  0.0090  1
 551:   0.7843  0.0087  0.0060  0.1230  0.0780  1
 552:   0.0375  0.0435  0.0050  0.9002  0.0138  1
 553:   0.4997  0.1852  0.0040  0.2869  0.0242  1
 554:   0.9536  0.0060  0.0040  0.0294  0.0070  1
 555:   0.5911  0.0280  0.0037  0.3732  0.0040  1
 556:   0.7978  0.0080  0.0070  0.1758  0.0114  1
 557:   0.8686  0.0040  0.0060  0.1064  0.0150  1
 558:   0.8017  0.0051  0.0050  0.1519  0.0363  1
 559:   0.7197  0.0120  0.0658  0.1955  0.0070  1
 560:   0.5349  0.0093  0.0080  0.4316  0.0162  1
 561:   0.6510  0.0060  0.0050  0.3288  0.0092  1
 562:   0.8392  0.0608  0.0090  0.0730  0.0180  1
 563:   0.1929  0.0070  0.0030  0.7898  0.0073  1
 564:   0.0206  0.0191  0.0020  0.9515  0.0068  1
 565:   0.0744  0.0961  0.0040  0.8144  0.0110  1
 566:   0.2933  0.0121  0.0130  0.6412  0.0404  1
 567:   0.9376  0.0050  0.0030  0.0484  0.0060  1
 568:   0.4293  0.0098  0.0080  0.5399  0.0130  1
 569:   0.8828  0.0060  0.0060  0.0912  0.0140  1
 570:   0.3204  0.0208  0.0040  0.6468  0.0080  1
 571:   0.4851  0.0100  0.0020  0.4949  0.0080  1
 572:   0.6658  0.0184  0.0070  0.2998  0.0090  1
 573:   0.2180  0.0060  0.0040  0.7561  0.0159  1
 574:   0.1112  0.0716  0.0020  0.8072  0.0080  1
 575:   0.0512  0.2781  0.0142  0.6525  0.0040  1
 576:   0.0685  0.0100  0.0090  0.8916  0.0209  1
 577:   0.6006  0.0103  0.0265  0.2247  0.1379  1
 578:   0.0299  0.0101  0.0041  0.9454  0.0105  1
 579:   0.9686  0.0050  0.0020  0.0184  0.0060  1
 580:   0.4145  0.0155  0.0060  0.5443  0.0197  1
 581:   0.8908  0.0129  0.0030  0.0884  0.0049  1
 582:   0.1284  0.0868  0.0050  0.7766  0.0032  1
 583:   0.9638  0.0040  0.0030  0.0224  0.0068  1
 584:   0.2861  0.0110  0.0020  0.6939  0.0070  1
 585:   0.8834  0.0050  0.0050  0.0966  0.0100  1
 586:   0.7576  0.0139  0.0040  0.2066  0.0179  1
 587:   0.6680  0.0181  0.0070  0.3001  0.0068  1
 588:   0.2856  0.0174  0.0050  0.6820  0.0100  1
 589:   0.1705  0.0109  0.0030  0.8037  0.0119  1
 590:   0.7557  0.0071  0.0070  0.1887  0.0415  1
 591:   0.0910  0.0304  0.0060  0.8617  0.0109  1
 592:   0.7180  0.0159  0.0097  0.1325  0.1240  1
 593:   0.6681  0.0042  0.0113  0.3058  0.0106  1
 594:   0.5907  0.0066  0.0042  0.3886  0.0099  1
 595:   0.3411  0.0100  0.0239  0.6169  0.0081  1
 596:   0.4103  0.0483  0.0060  0.5294  0.0060  1
 597:   0.4033  0.0300  0.0060  0.5567  0.0040  1
 598:   0.2169  0.0129  0.0060  0.7572  0.0070  1
 599:   0.6184  0.0133  0.0040  0.3309  0.0334  1
 600:   0.7081  0.0165  0.0081  0.2593  0.0080  1
 601:   0.0366  0.0119  0.0047  0.9418  0.0050  1
 602:   0.8888  0.0138  0.0050  0.0794  0.0130  1
 603:   0.7149  0.0050  0.0050  0.2665  0.0086  1
 604:   0.0709  0.0090  0.0220  0.8909  0.0072  1
 605:   0.1273  0.0331  0.0090  0.8276  0.0030  1
 606:   0.8355  0.0110  0.0099  0.1344  0.0092  1
 607:   0.3642  0.0760  0.0203  0.4423  0.0972  1
 608:   0.0202  0.0070  0.0040  0.9638  0.0050  1
 609:   0.5575  0.0077  0.0040  0.3049  0.1259  1
 610:   0.6152  0.0080  0.0020  0.3613  0.0135  1
 611:   0.5052  0.0070  0.0075  0.4756  0.0047  1
 612:   0.3335  0.0460  0.0067  0.5992  0.0146  1
 613:   0.8583  0.0182  0.0050  0.1013  0.0172  1
 614:   0.4102  0.0080  0.0060  0.5626  0.0132  1
 615:   0.5552  0.0115  0.0140  0.4143  0.0050  1
 616:   0.3180  0.0509  0.0380  0.5800  0.0131  1
 617:   0.4110  0.0210  0.0040  0.5493  0.0148  1
 618:   0.0589  0.0424  0.0060  0.8887  0.0040  1
 619:   0.2482  0.2023  0.0072  0.5108  0.0315  1
 620:   0.4763  0.0060  0.0030  0.5044  0.0103  1
 621:   0.1052  0.0356  0.0030  0.8465  0.0097  1
 622:   0.6704  0.0685  0.0046  0.0812  0.1754  1
 623:   0.7076  0.0182  0.0020  0.2142  0.0580  1
 624:   0.7044  0.0162  0.0312  0.2284  0.0198  1
 625:   0.5607  0.0211  0.0148  0.3374  0.0659  1
 626:   0.5319  0.0137  0.0090  0.4245  0.0209  1
 627:   0.6497  0.2085  0.0030  0.1036  0.0352  1
 628:   0.7705  0.0100  0.0120  0.1985  0.0090  1
 629:   0.2910  0.1147  0.0095  0.5650  0.0198  1
 630:   0.2479  0.0396  0.0070  0.6935  0.0120  1
 631:   0.5966  0.0944  0.0100  0.2937  0.0053  1
 632:   0.6694  0.0104  0.0049  0.3042  0.0111  1
 633:   0.8201  0.0050  0.0030  0.1649  0.0070  1
 634:   0.6923  0.2370  0.0055  0.0513  0.0139  1
 635:   0.6959  0.0050  0.0030  0.2851  0.0110  1
 636:   0.5322  0.0060  0.0030  0.4173  0.0415  1
 637:   0.1006  0.0060  0.0184  0.8651  0.0099  1
 638:   0.0304  0.0100  0.0030  0.9506  0.0060  1
 639:   0.2730  0.0090  0.0030  0.6968  0.0182  1
 640:   0.5055  0.0050  0.0030  0.4805  0.0060  1
 641:   0.3101  0.0479  0.0020  0.6331  0.0069  1
 642:   0.8900  0.0060  0.0040  0.0721  0.0280  1
 643:   0.7904  0.1298  0.0040  0.0469  0.0289  1
 644:   0.9569  0.0074  0.0030  0.0222  0.0105  1
 645:   0.6912  0.0356  0.0020  0.2662  0.0050  1
 646:   0.6955  0.0253  0.0040  0.2503  0.0248  1
 647:   0.5911  0.0082  0.0060  0.3759  0.0188  1
 648:   0.4824  0.0051  0.0078  0.4724  0.0324  1
 649:   0.1708  0.0145  0.0040  0.7131  0.0976  1
 650:   0.2154  0.0215  0.0070  0.7462  0.0100  1
 651:   0.9375  0.0110  0.0050  0.0394  0.0071  1
 652:   0.0433  0.0080  0.0100  0.9243  0.0144  1
 653:   0.7383  0.0107  0.0100  0.2058  0.0352  1
 654:   0.7893  0.0090  0.1513  0.0433  0.0070  1
 655:   0.7032  0.0222  0.0314  0.2234  0.0198  1
 656:   0.4730  0.0114  0.0060  0.5026  0.0070  1
 657:   0.9076  0.0085  0.0140  0.0288  0.0411  1
 658:   0.9198  0.0265  0.0060  0.0401  0.0076  1
 659:   0.9094  0.0100  0.0040  0.0656  0.0110  1
 660:   0.8184  0.0060  0.0030  0.1634  0.0092  1
 661:   0.8353  0.0080  0.0090  0.1216  0.0261  1
 662:   0.4700  0.0544  0.0423  0.4253  0.0080  1
 663:   0.0507  0.0080  0.0039  0.9041  0.0333  1
 664:   0.6406  0.0050  0.0081  0.3416  0.0047  1
 665:   0.4929  0.0088  0.0120  0.4437  0.0427  1
 666:   0.9537  0.0176  0.0030  0.0166  0.0091  1
 667:   0.4994  0.0253  0.0059  0.4644  0.0050  1
 668:   0.7038  0.0141  0.0039  0.2693  0.0089  1
 669:   0.5913  0.1971  0.0092  0.1826  0.0198  1
 670:   0.3901  0.0050  0.0040  0.5949  0.0060  1
 671:   0.1548  0.0158  0.0030  0.8071  0.0193  1
 672:   0.8815  0.0047  0.0050  0.1036  0.0052  1
 673:   0.3151  0.0264  0.0040  0.6416  0.0129  1
 674:   0.8717  0.0040  0.0080  0.1093  0.0070  1
 675:   0.8351  0.0100  0.0311  0.0985  0.0253  1
 676:   0.5106  0.0079  0.0140  0.4585  0.0090  1
 677:   0.1991  0.0066  0.0040  0.7836  0.0067  1
 678:   0.0142  0.0337  0.0090  0.9381  0.0050  1
 679:   0.4977  0.0213  0.0050  0.4545  0.0216  1
 680:   0.7459  0.0218  0.0293  0.1172  0.0858  1
 681:   0.3116  0.0197  0.0030  0.6414  0.0243  1
 682:   0.5324  0.0192  0.0030  0.4375  0.0080  1
 683:   0.3431  0.0090  0.0040  0.6025  0.0414  1
 684:   0.9229  0.0207  0.0060  0.0393  0.0111  1
 685:   0.8271  0.0090  0.0059  0.1496  0.0084  1
 686:   0.4678  0.0090  0.0061  0.3368  0.1803  1
 687:   0.5531  0.0269  0.0061  0.3973  0.0166  1
 688:   0.5117  0.0070  0.0050  0.4684  0.0079  1
 689:   0.7299  0.0071  0.0098  0.1221  0.1310  1
 690:   0.4996  0.0246  0.0070  0.4377  0.0312  1
 691:   0.6194  0.0154  0.0050  0.3552  0.0050  1
 692:   0.9386  0.0082  0.0100  0.0297  0.0135  1
 693:   0.2826  0.0410  0.0086  0.1258  0.5420  1
 694:   0.1130  0.0198  0.0085  0.7767  0.0820  1
 695:   0.9529  0.0070  0.0030  0.0321  0.0050  1
 696:   0.9563  0.0085  0.0040  0.0262  0.0050  1
 697:   0.8658  0.0160  0.0059  0.1043  0.0080  1
 698:   0.9280  0.0050  0.0050  0.0466  0.0154  1
 699:   0.5454  0.0177  0.0060  0.4209  0.0100  1
 700:   0.9258  0.0134  0.0040  0.0413  0.0155  1
 701:   0.9435  0.0080  0.0030  0.0330  0.0125  1
 702:   0.3803  0.0511  0.0150  0.5300  0.0236  1
 703:   0.0391  0.0058  0.0042  0.9459  0.0050  1
 704:   0.8969  0.0585  0.0040  0.0330  0.0076  1
 705:   0.9646  0.0080  0.0069  0.0113  0.0092  1
 706:   0.9370  0.0060  0.0020  0.0519  0.0030  1
 707:   0.9511  0.0147  0.0030  0.0243  0.0069  1
 708:   0.0365  0.0166  0.0039  0.9271  0.0159  1
 709:   0.2139  0.0150  0.0739  0.6731  0.0242  1
 710:   0.8983  0.0285  0.0060  0.0622  0.0050  1
 711:   0.4427  0.0165  0.0030  0.3662  0.1716  1
 712:   0.4500  0.1878  0.0060  0.1658  0.1905  1
 713:   0.0141  0.0083  0.0511  0.9108  0.0157  1
 714:   0.0664  0.0052  0.0030  0.9179  0.0075  1
 715:   0.2142  0.0110  0.0050  0.7615  0.0083  1
 716:   0.9051  0.0030  0.0038  0.0842  0.0040  1
 717:   0.2322  0.1511  0.0050  0.5833  0.0284  1
 718:   0.9337  0.0072  0.0020  0.0540  0.0030  1
 719:   0.2723  0.0167  0.0391  0.6551  0.0168  1
 720:   0.9165  0.0199  0.0140  0.0265  0.0231  1
 721:   0.1547  0.0070  0.0659  0.7541  0.0184  1
 722:   0.8048  0.0050  0.0049  0.1698  0.0155  1
 723:   0.1996  0.0090  0.0040  0.7704  0.0170  1
 724:   0.8689  0.0139  0.0050  0.0804  0.0318  1
 725:   0.2283  0.0256  0.0189  0.7038  0.0235  1
 726:   0.0127  0.0146  0.0050  0.9473  0.0204  1
 727:   0.7343  0.0124  0.0030  0.2332  0.0170  1
 728:   0.6411  0.0050  0.0030  0.3398  0.0111  1
 729:   0.7735  0.0221  0.0040  0.1944  0.0060  1
 730:   0.2936  0.0107  0.0058  0.6767  0.0132  1
 731:   0.2554  0.1436  0.0263  0.5478  0.0269  1
 732:   0.8689  0.0320  0.0070  0.0611  0.0311  1
 733:   0.6760  0.0068  0.0070  0.2911  0.0191  1
 734:   0.6705  0.0898  0.0030  0.2308  0.0060  1
 735:   0.9498  0.0114  0.0190  0.0138  0.0060  1
 736:   0.4650  0.0063  0.0090  0.5011  0.0186  1
 737:   0.8841  0.0181  0.0152  0.0704  0.0122  1
 738:   0.0502  0.0242  0.0160  0.8870  0.0226  1
 739:   0.1389  0.0170  0.0105  0.8098  0.0238  1
 740:   0.8601  0.0080  0.0055  0.1214  0.0050  1
 741:   0.9006  0.0142  0.0040  0.0647  0.0165  1
 742:   0.0273  0.1048  0.0078  0.8483  0.0118  1
 743:   0.0989  0.0959  0.0100  0.7873  0.0080  1
 744:   0.8141  0.0294  0.0066  0.1355  0.0144  1
 745:   0.8733  0.0099  0.0328  0.0679  0.0161  1
 746:   0.9678  0.0070  0.0030  0.0162  0.0060  1
 747:   0.2138  0.0094  0.0080  0.7619  0.0070  1
 748:   0.0325  0.0060  0.0040  0.9516  0.0059  1
 749:   0.1226  0.0532  0.0073  0.8049  0.0120  1
 750:   0.7302  0.0090  0.0020  0.2528  0.0060  1
 751:   0.1117  0.0889  0.0122  0.7616  0.0256  1
 752:   0.3319  0.0107  0.0355  0.6118  0.0101  1
 753:   0.1056  0.0110  0.0081  0.8654  0.0099  1
 754:   0.3653  0.0182  0.0089  0.5910  0.0167  1
 755:   0.6375  0.0126  0.0156  0.2307  0.1036  1
 756:   0.8740  0.0261  0.0133  0.0747  0.0119  1
 757:   0.0485  0.0191  0.0060  0.9086  0.0178  1
 758:   0.8384  0.0040  0.0040  0.1466  0.0070  1
 759:   0.0491  0.0055  0.0050  0.9314  0.0090  1
 760:   0.7825  0.0085  0.0085  0.0738  0.1267  1
 761:   0.0513  0.0072  0.0040  0.9208  0.0167  1
 762:   0.5216  0.0320  0.0030  0.3934  0.0500  1
 763:   0.2524  0.0051  0.0040  0.7278  0.0107  1
 764:   0.7075  0.0080  0.0030  0.2665  0.0150  1
 765:   0.9380  0.0056  0.0109  0.0385  0.0070  1
 766:   0.5081  0.0112  0.0090  0.4667  0.0050  1
 767:   0.3253  0.0163  0.0060  0.6444  0.0080  1
 768:   0.2599  0.0186  0.0293  0.6841  0.0081  1
 769:   0.0440  0.0059  0.0094  0.9342  0.0065  1
 770:   0.7780  0.0180  0.0129  0.1659  0.0252  1
 771:   0.2584  0.1051  0.0050  0.6200  0.0115  1
 772:   0.4571  0.0069  0.0061  0.5245  0.0054  1
 773:   0.8804  0.0160  0.0302  0.0483  0.0251  1
 774:   0.0708  0.0163  0.0819  0.8085  0.0225  1
 775:   0.2622  0.0773  0.0064  0.6491  0.0050  1
 776:   0.0835  0.0100  0.0060  0.8828  0.0177  1
 777:   0.9352  0.0222  0.0040  0.0245  0.0141  1
 778:   0.8687  0.0269  0.0072  0.0803  0.0169  1
 779:   0.0489  0.0040  0.0030  0.9381  0.0060  1
 780:   0.5678  0.0207  0.1975  0.1820  0.0319  1
 781:   0.4915  0.2135  0.0050  0.2827  0.0073  1
 782:   0.8833  0.0060  0.0060  0.0927  0.0120  1
 783:   0.5901  0.0110  0.0060  0.2830  0.1099  1
 784:   0.0600  0.0110  0.0030  0.9177  0.0082  1
 785:   0.5157  0.0330  0.0040  0.4264  0.0209  1
 786:   0.3108  0.0059  0.0030  0.6753  0.0050  1
 787:   0.7881  0.0090  0.0050  0.1853  0.0126  1
 788:   0.0327  0.0070  0.0050  0.9472  0.0081  1
 789:   0.1316  0.0045  0.0036  0.8317  0.0286  1
 790:   0.0789  0.0100  0.0030  0.8925  0.0156  1
 791:   0.9580  0.0080  0.0040  0.0248  0.0052  1
 792:   0.0207  0.0369  0.0060  0.8906  0.0458  1
 793:   0.3281  0.0151  0.0030  0.6488  0.0050  1
 794:   0.0707  0.0079  0.0096  0.9006  0.0112  1
 795:   0.6983  0.0433  0.0090  0.2355  0.0140  1
 796:   0.7526  0.0238  0.0151  0.2015  0.0070  1
 797:   0.0484  0.0070  0.0070  0.9336  0.0040  1
 798:   0.0586  0.0659  0.0697  0.7002  0.1055  1
 799:   0.0579  0.0050  0.0149  0.9041  0.0181  1
 800:   0.0151  0.0070  0.0038  0.9683  0.0058  1
